3.2e-9	0.9999998340543854	4.136841999679357	3884.5992099127143	4002.924150713147
3.4000000000000003e-9	0.9999998236827854	4.136841989307756	3884.5971461313034	4002.92196603737
3.6e-9	0.9999998133111855	4.136841978936156	3884.595082351788	4002.919781363702
3.8e-9	0.9999998029395857	4.136841968564555	3884.5930185741813	4002.917596692104
4.0e-9	0.999999792567986	4.136841958192955	3884.59095479845	4002.9154120226
4.2e-9	0.9999997821963864	4.136841947821354	3884.5888910246235	4002.913227355198
4.4000000000000005e-9	0.9999997718247869	4.136841937449754	3884.5868272526745	4002.9110426898865
4.6e-9	0.9999997614531876	4.136841927078153	3884.5847634826227	4002.9088580266425
4.8e-9	0.9999997510815883	4.136841916706553	3884.5826997144522	4002.906673365521
5.0e-9	0.9999997407099892	4.136841906334952	3884.5806359481608	4002.904488706444
5.2e-9	0.9999997303383902	4.136841895963352	3884.5785721838033	4002.9023040495117
5.4e-9	0.9999997199667913	4.1368418855917515	3884.5765084213244	4002.900119394633
5.6000000000000005e-9	0.9999997095951925	4.136841875220151	3884.5744446607273	4002.897934741863
5.8e-9	0.9999996992235938	4.1368418648485505	3884.5723809020124	4002.8957500911565
6.0e-9	0.9999996888519952	4.13684185447695	3884.570317145207	4002.8935654425572
6.2e-9	0.9999996784803967	4.13684184410535	3884.5682533903073	4002.8913807960694
6.4e-9	0.9999996732947407	4.136841838919692	3884.56722151663	4002.8902884761537
6.8000000000000005e-9	0.9999996629232902	4.136841828548239	3884.565157767723	4002.8881038354
7.2e-9	0.9999996525518444	4.136841818176791	3884.5630940207807	4002.885919196802
7.6e-9	0.9999996421804033	4.136841807805347	3884.5610302758487	4002.883734560403
8.0e-9	0.9999996318089669	4.136841797433908	3884.5589665328985	4002.8815499261354
8.4e-9	0.999999621437535	4.1368417870624725	3884.556902791913	4002.879365294047
8.800000000000001e-9	0.9999996110661077	4.136841776691043	3884.5548390529216	4002.87718066411
9.2e-9	0.9999996006946851	4.136841766319617	3884.5527753159017	4002.874996036332
9.6e-9	0.9999995903232671	4.136841755948196	3884.550711580858	4002.8728114107216
1.0e-8	0.999999579951854	4.136841745576779	3884.548647847794	4002.8706267872967
1.04e-8	0.9999995695804454	4.136841735205367	3884.546584116742	4002.8684421660105
1.08e-8	0.9999995592090416	4.13684172483396	3884.5445203876675	4002.866257546884
1.1200000000000001e-8	0.9999995488376423	4.136841714462557	3884.542456660549	4002.864072929932
1.16e-8	0.9999995384662477	4.136841704091159	3884.540392935393	4002.861888315124
1.2e-8	0.9999995280948576	4.136841693719766	3884.5383292122833	4002.859703702514
1.24e-8	0.9999995177234723	4.1368416833483765	3884.5362654911314	4002.8575190920424
1.28e-8	0.9999995073522354	4.136841672977138	3884.5342017759867	4002.85533448733
1.3600000000000001e-8	0.9999994866094931	4.136841652234388	3884.530074344625	4002.8509652783396
1.44e-8	0.9999994658667695	4.136841631491656	3884.5259469211765	4002.846596077982
1.52e-8	0.9999994451240644	4.136841610748942	3884.52181950565	4002.8422268862887
1.6e-8	0.9999994243813779	4.136841590006246	3884.517692098071	4002.8378577032195
1.68e-8	0.99999940363871	4.136841569263569	3884.5135646984295	4002.833488528837
1.7600000000000002e-8	0.9999993828960609	4.13684154852091	3884.5094373067122	4002.8291193630816
1.84e-8	0.9999993621534304	4.1368415277782695	3884.5053099228976	4002.824750205969
1.92e-8	0.9999993414108185	4.136841507035647	3884.501182547041	4002.8203810575387
2.0e-8	0.9999993206682253	4.136841486293043	3884.497055179096	4002.81601191772
2.08e-8	0.9999992999256506	4.136841465550457	3884.4929278190903	4002.8116427865834
2.16e-8	0.9999992791830946	4.13684144480789	3884.4888004669933	4002.8072736640834
2.2400000000000002e-8	0.9999992584405573	4.136841424065341	3884.484673122844	4002.8029045502476
2.32e-8	0.9999992376980386	4.136841403322809	3884.4805457866255	4002.7985354450343
2.4e-8	0.9999992169555384	4.136841382580297	3884.4764184583228	4002.7941663484958
2.48e-8	0.9999991962130569	4.136841361837802	3884.4722911379517	4002.789797260594
2.56e-8	0.99999916509939	4.1368413307241125	3884.4661001769146	4002.783243650009
2.7200000000000002e-8	0.999999123614557	4.136841289239252	3884.457845587922	4002.774505530567
2.88e-8	0.9999990821297984	4.1368412477544645	3884.4495910306287	4002.765767445774
3.04e-8	0.9999990406451144	4.136841206269749	3884.4413365050386	4002.75702939556
3.2e-8	0.9999989991605046	4.136841164785108	3884.4330820111372	4002.7482913799245
3.36e-8	0.9999989576759694	4.136841123300539	3884.424827548981	4002.7395533989256
3.5200000000000004e-8	0.9999989161915086	4.136841081816044	3884.4165731185276	4002.7308154525053
3.68e-8	0.9999988747071223	4.136841040331622	3884.408318719759	4002.722077540691
3.84e-8	0.9999988332228106	4.136840998847273	3884.4000643527393	4002.713339663488
4.0e-8	0.9999987917385734	4.136840957362997	3884.3918100174274	4002.704601820883
4.16e-8	0.9999987502544108	4.136840915878794	3884.3835557138195	4002.6958640128764
4.32e-8	0.9999987087703226	4.136840874394665	3884.375301441931	4002.6871262394566
4.4800000000000004e-8	0.9999986672863089	4.13684083291061	3884.367047201733	4002.678388500646
4.64e-8	0.9999986258023698	4.136840791426628	3884.3587929932764	4002.6696507964375
4.8e-8	0.9999985843185051	4.136840749942718	3884.3505388165004	4002.6609131267996
4.96e-8	0.999998542834715	4.136840708458882	3884.3422846714625	4002.6521754918094
5.12e-8	0.9999984806092533	4.136840646233347	3884.329903532047	4002.639069124248
5.4400000000000004e-8	0.9999983976421947	4.136840563266188	3884.3133954488	4002.6215940797315
5.76e-8	0.9999983146754339	4.136840480299321	3884.2968874924304	4002.604119173563
6.08e-8	0.9999982317089713	4.1368403973327466	3884.2803796628696	4002.586644405802
6.4e-8	0.9999981487428066	4.136840314366465	3884.263871960178	4002.5691697764196
6.72e-8	0.9999980657769401	4.136840231400476	3884.247364384308	4002.551695285414
7.040000000000001e-8	0.9999979828113712	4.13684014843478	3884.2308569352726	4002.534220932836
7.36e-8	0.9999978998461004	4.136840065469378	3884.2143496130466	4002.516746718639
7.68e-8	0.9999978168811277	4.136839982504268	3884.1978424176964	4002.4992726428013
8.0e-8	0.9999977339164527	4.136839899539451	3884.181335349169	4002.4817987053448
8.32e-8	0.9999976509520759	4.136839816574927	3884.164828407468	4002.4643249063097
8.64e-8	0.9999975679879971	4.136839733610695	3884.1483215926028	4002.446851245649
8.960000000000001e-8	0.999997485024216	4.136839650646756	3884.1318149045633	4002.429377723323
9.28e-8	0.9999974020607331	4.13683956768311	3884.1153083433355	4002.4119043394116
9.6e-8	0.999997319097548	4.136839484719756	3884.0988019089627	4002.3944310939078
9.92e-8	0.9999972361346608	4.136839401756695	3884.082295601371	4002.376957986729
1.024e-7	0.9999971116912245	4.136839277312984	3884.0575364525894	4002.350748665909
1.0880000000000001e-7	0.9999969457675361	4.136839111388912	3884.0245246648246	4002.315803353361
1.152e-7	0.9999967798450393	4.1368389454660095	3883.9915133843547	4002.280858594268
1.216e-7	0.9999966139237344	4.136838779544279	3883.958502611171	4002.245914388675
1.28e-7	0.9999964480036211	4.136838613623718	3883.9254923452463	4002.2109707365153
1.344e-7	0.9999962820846996	4.136838447704329	3883.892482586554	4002.176027637833
1.4080000000000002e-7	0.9999961161669698	4.136838281786111	3883.859473335123	4002.1410850925563
1.472e-7	0.9999959502504319	4.136838115869064	3883.826464590907	4002.106143100738
1.536e-7	0.9999957843350855	4.136837949953186	3883.7934563539293	4002.0712016623283
1.6e-7	0.9999956184209307	4.13683778403848	3883.7604486241335	4002.0362607773404
1.664e-7	0.9999954525079674	4.136837618124945	3883.727441401566	4002.001320445741
1.728e-7	0.9999952865961957	4.13683745221258	3883.6944346861883	4001.9663806674944
1.7920000000000002e-7	0.9999951206856157	4.136837286301386	3883.661428478021	4001.931441442668
1.856e-7	0.9999949547762272	4.1368371203913625	3883.6284227769934	4001.8965027711874
1.92e-7	0.9999947888680302	4.13683695448251	3883.595417583153	4001.861564653087
1.984e-7	0.9999946229610248	4.136836788574827	3883.562412896479	4001.8266270882973
2.048e-7	0.9999943741040914	4.136836539716815	3883.5129071162046	4001.774222100361
2.1760000000000002e-7	0.999994042298421	4.136836207909645	3883.446901051341	4001.7043505767233
2.304e-7	0.9999937104975162	4.136835876107155	3883.380897014899	4001.634481266261
2.432e-7	0.999993378701377	4.136835544309349	3883.3148950068367	4001.564614168884
2.56e-7	0.9999930469100031	4.1368352125162255	3883.2488950270836	4001.4947492845
2.688e-7	0.9999927151233946	4.1368348807277835	3883.182897075515	4001.4248866130615
2.8160000000000003e-7	0.9999923833415512	4.136834548944022	3883.1169011521165	4001.3550261544365
2.944e-7	0.9999920515644727	4.136834217164942	3883.0509072568025	4001.285167908579
3.072e-7	0.999991719792159	4.136833885390545	3882.9849153894697	4001.21531187537
3.2e-7	0.99999138802461	4.1368335536208285	3882.9189255500837	4001.14545805478
3.328e-7	0.9999910562618255	4.1368332218557935	3882.852937738509	4001.0756064466987
3.456e-7	0.9999907245038052	4.136832890095438	3882.786951954772	4001.0057570510335
3.5840000000000003e-7	0.9999903927505494	4.136832558339764	3882.7209681987024	4000.9359098676805
3.712e-7	0.9999900610020575	4.13683222658877	3882.654986470237	4000.8660648966074
3.84e-7	0.9999897292583294	4.136831894842456	3882.5890067693654	4000.7962221377047
3.968e-7	0.9999893975193652	4.136831563100823	3882.5230290959616	4000.726381590881
4.096e-7	0.9999888999252109	4.136831065502417	3882.424067582021	4000.6216262042662
4.3520000000000003e-7	0.9999882364806276	4.136830402051913	3882.292125461022	4000.481959525153
4.608e-7	0.9999875730550963	4.136829738620129	3882.1601914484722	4000.34230169275
4.864e-7	0.9999869096486157	4.136829075207062	3882.028265543723	4000.202652706363
5.12e-7	0.9999862462611848	4.136828411812711	3881.8963477462385	4000.0630125653224
5.376e-7	0.9999855828928024	4.136827748437074	3881.764438055369	3999.9233812689695
5.632000000000001e-7	0.9999849195434675	4.136827085080152	3881.632536470568	3999.783758816621
5.888e-7	0.9999842562131788	4.136826421741942	3881.500642991193	3999.6441452076338
6.144e-7	0.9999835929019352	4.136825758422443	3881.368757616689	3999.504540441305
6.4e-7	0.9999829296097353	4.136825095121654	3881.2368803464497	3999.364944517003
6.656e-7	0.9999822663365779	4.136824431839575	3881.105011179857	3999.225357434049
6.912e-7	0.999981603082462	4.136823768576203	3880.973150116352	3999.085779191794
7.168000000000001e-7	0.9999809398473865	4.136823105331539	3880.8412971553034	3998.9462097895253
7.424e-7	0.9999802766313499	4.136822442105578	3880.709452296138	3998.8066492266234
7.68e-7	0.9999796134343514	4.136821778898323	3880.5776155382614	3998.6670975023985
7.936e-7	0.9999789502563896	4.136821115709772	3880.4457868810787	3998.5275546162015
8.192e-7	0.9999779555465621	4.1368201209830575	3880.2480638561415	3998.3182619948266
8.704000000000001e-7	0.9999766293238851	4.136818794736866	3879.984459380294	3998.0392338080683
9.216e-7	0.9999753031773311	4.136817468565464	3879.720887295314	3997.760240960048
9.728e-7	0.9999739771068905	4.1368161424688425	3879.4573475964226	3997.4812834454715
1.024e-6	0.9999726511125542	4.136814816446992	3879.193840278882	3997.2023612589496
1.0752e-6	0.9999713251943124	4.136813490499902	3878.930365337967	3996.923474395231
1.1264000000000001e-6	0.9999699993521558	4.136812164627565	3878.6669227688476	3996.6446228488926
1.1776e-6	0.999968673586075	4.1368108388299705	3878.403512566842	3996.365806614688
1.2288e-6	0.9999673478960606	4.13680951310711	3878.14013472716	3996.0870256872486
1.28e-6	0.9999660222821032	4.136808187458974	3877.876789245073	3995.8082800613083
1.3312e-6	0.9999646967441933	4.136806861885553	3877.613476115843	3995.529569731484
1.3824e-6	0.9999633712823215	4.136805536386838	3877.350195334678	3995.2508946924913
1.4336000000000001e-6	0.9999620458964783	4.13680421096282	3877.086946896863	3994.97225493898
1.4848e-6	0.9999607205866546	4.1368028856134895	3876.823730797626	3994.6936504656865
1.536e-6	0.999959395352841	4.136801560338838	3876.560547032245	3994.4150812672287
1.5872e-6	0.9999580701950277	4.136800235138853	3876.297395595965	3994.136547338322
1.6384e-6	0.9999560826863557	4.136798247562933	3875.902748095357	3993.718833064657
1.7408000000000001e-6	0.9999534329026473	4.136795597685566	3875.376656059655	3993.161994970465
1.8432e-6	0.9999507834227492	4.136792948106687	3874.850693245369	3992.6052978481403
1.9456e-6	0.9999481342465862	4.136790298826221	3874.324859614623	3992.0487416551928
2.048e-6	0.9999454853740831	4.136787649844094	3873.799155129465	3991.492326349129
2.1504e-6	0.9999428368051647	4.1367850011602325	3873.2735797520104	3990.936051887526
2.2528000000000003e-6	0.999940188539756	4.136782352774563	3872.7481334443764	3990.37991822789
2.3552e-6	0.9999375405777817	4.136779704687011	3872.2228161686444	3989.8239253277743
2.4576e-6	0.9999348929191669	4.136777056897501	3871.697627886986	3989.268073144833
2.56e-6	0.9999322455638365	4.136774409405962	3871.172568561546	3988.7123616366066
2.6624e-6	0.9999295985117154	4.1367717622123195	3870.647638154462	3988.1567907607027
2.7648e-6	0.9999269517627287	4.136769115316499	3870.12283662794	3987.601360474762
2.8672000000000003e-6	0.9999243053168014	4.136766468718426	3869.598163944132	3987.0460707364123
2.9696e-6	0.9999216591738587	4.136763822418028	3869.0736200652495	3986.4909215032903
3.072e-6	0.9999190133338253	4.136761176415232	3868.5492049534755	3985.9359127330927
3.1744e-6	0.9999163677966267	4.136758530709962	3868.024918571065	3985.381044383464
3.2768e-6	0.9999124003996953	4.136754563045008	3867.238806102152	3984.5490866493965
3.4816000000000003e-6	0.9999071114444595	4.136749273716502	3866.191072563451	3983.4402643917892
3.6864e-6	0.999901823699036	4.136743985576605	3865.1438531866197	3982.332002970692
3.8912e-6	0.9998965371628264	4.136738698624731	3864.0971476700424	3981.2243020482706
4.096e-6	0.9998912518352334	4.136733412860289	3863.0509557123482	3980.1171612869125
4.3008e-6	0.9998859677156594	4.136728128282691	3862.0052770123116	3979.0105803492424
4.5056000000000005e-6	0.9998806848035077	4.1367228448913504	3860.9601112689625	3977.904558898123
4.7104e-6	0.9998754030981818	4.136717562685682	3859.915458181473	3976.799096596625
4.9152e-6	0.9998701225990854	4.1367122816650985	3858.8713174492245	3975.694193108021
5.12e-6	0.9998648433056225	4.136707001829013	3857.82768877182	3974.589848095832
5.3248e-6	0.9998595652171979	4.13670172317684	3856.784571849035	3973.4860612238303
5.5296e-6	0.9998542883332164	4.136696445707993	3855.7419663807764	3972.3828321559313
5.7344000000000005e-6	0.9998490126530835	4.136691169421888	3854.6998720672495	3971.280160556319
5.9392e-6	0.9998437381762046	4.1366858943179405	3853.6582886088354	3970.178046089394
6.144e-6	0.9998384649019858	4.136680620395566	3852.617215706042	3969.07648841982
6.3488e-6	0.9998331928298334	4.136675347654179	3851.576653059568	3967.975487212418
6.5536e-6	0.9998252883306915	4.136667442088009	3850.0170655202496	3966.325351164859
6.9632000000000005e-6	0.9998147525954703	4.136656904866963	3847.9392644298896	3964.126969921189
7.3728e-6	0.9998042216564296	4.136646372357996	3845.8634983864235	3961.9308078349186
7.7824e-6	0.9997936955088401	4.136635844556454	3843.789765006172	3959.7368622367985
8.192e-6	0.9997831741479787	4.13662532145769	3841.7180619084415	3957.545130460945
8.6016e-6	0.9997726575691277	4.136614803057063	3839.648386715631	3955.3556098450777
9.011200000000001e-6	0.9997621457675754	4.136604289349936	3837.580737053244	3953.1682977304636
9.4208e-6	0.9997516387386156	4.13659378033168	3835.515110549749	3950.9831914617907
9.8304e-6	0.9997411364775485	4.136583275997669	3833.4515048367275	3948.8002883873037
1.024e-5	0.9997306389796793	4.136572776343285	3831.3899175487986	3946.6195858587303
1.06496e-5	0.9997201462403196	4.136562281363914	3829.3303463236043	3944.441081231297
1.10592e-5	0.9997096582547861	4.13655179105495	3827.272788801859	3942.264771863691
1.1468800000000001e-5	0.9996991750184021	4.136541305411791	3825.2172426272555	3940.090655118077
1.18784e-5	0.9996886965264961	4.13653082442984	3823.1637054465714	3937.9187283601914
1.2288e-5	0.9996782227744021	4.136520348104508	3821.112174909601	3935.7489889590975
1.26976e-5	0.9996677537574608	4.136509876431208	3819.062648669108	3933.5814342874323
1.31072e-5	0.9996520644603871	4.136494182900702	3815.9932906285126	3930.3354598783635
1.3926400000000001e-5	0.9996311595305634	4.136473272077833	3811.907277572538	3926.0145473086995
1.47456e-5	0.9996102734466302	4.136452379770024	3807.8292349087783	3921.7023213134203
1.55648e-5	0.9995894061716171	4.1364315059409	3803.75914402179	3917.398761059289
1.6384e-5	0.9995685576686446	4.136410650554175	3799.696986343888	3913.1038457679374
1.72032e-5	0.9995477279009233	4.136389813573652	3795.6427433550075	3908.817554715612
1.8022400000000002e-5	0.9995269168317539	4.136368994963223	3791.5963965826386	3904.539867233114
1.88416e-5	0.9995061244245274	4.136348194686867	3787.5579276016524	3900.2707627055806
1.96608e-5	0.9994853506427237	4.1363274127086544	3783.5273180342037	3896.0102205723906
2.048e-5	0.9994645954499127	4.13630664899274	3779.504549549515	3891.7582203269453
2.12992e-5	0.9994438588097535	4.136285903503369	3775.4896038639563	3887.5147415165848
2.21184e-5	0.9994231406859938	4.136265176204872	3771.4824627406306	3883.2797637423705
2.2937600000000002e-5	0.9994024410424701	4.136244467061667	3767.4831079894157	3879.0532666590448
2.37568e-5	0.9993817598431074	4.136223776038263	3763.491521466874	3874.8352299747767
2.4576e-5	0.9993610970519188	4.136203103099251	3759.5076850760197	3870.6256334510044
2.53952e-5	0.9993404526330053	4.13618244820931	3755.5315807662882	3866.4244569023604
2.62144e-5	0.9993095413016073	4.136151520205348	3749.5864178516194	3860.1433057156805
2.7852800000000002e-5	0.9992683807502949	4.136110336461198	3741.684373725447	3851.795511942487
2.94912e-5	0.99922729296069	4.136069224198591	3733.812899551448	3843.4809976403803
3.11296e-5	0.9991862776503256	4.136028183139607	3725.971853398975	3835.1996041613415
3.2768e-5	0.9991453345381102	4.135987213007679	3718.1610940623164	3826.9511736880977
3.44064e-5	0.9991044633443202	4.135946313527586	3710.3804810568627	3818.735549229414
3.6044800000000004e-5	0.9990636637905932	4.135905484425446	3702.6298746149505	3810.5525746156045
3.76832e-5	0.9990229355999204	4.135864725428709	3694.9091356822714	3802.402094493893
3.93216e-5	0.9989822784966387	4.135824036266151	3687.2181259137174	3794.283954323846
4.096e-5	0.9989416922064244	4.135783416667866	3679.5567076697434	3786.198000372917
4.25984e-5	0.9989011764562854	4.1357428663652565	3671.9247440124527	3778.1440797119676
4.42368e-5	0.9988607309745545	4.1357023850910295	3664.322098701765	3770.1220402108443
4.5875200000000004e-5	0.9988203554908821	4.13566197257919	3656.748636191646	3762.1317305337543
4.75136e-5	0.998780049736229	4.1356216285650325	3649.2042216264163	3754.173000135094
4.9152e-5	0.9987398134428594	4.135581352785132	3641.688720836912	3746.24569925491
5.07904e-5	0.9986996463443346	4.135541144977343	3634.202000336838	3738.3496789146034
5.24288e-5	0.9986396046783834	4.135481038606827	3623.042396396156	3726.5819765905885
5.5705600000000004e-5	0.9985597525389952	4.135401096576835	3608.254666234366	3710.9914942527835
5.89824e-5	0.9984801718134237	4.135321421163147	3593.5794286055525	3695.523203433988
6.22592e-5	0.9984008604391376	4.135242010336408	3579.0156516564425	3680.175953504177
6.5536e-5	0.9983218163734245	4.135162862086768	3564.5623139683094	3664.9486057602576
6.88128e-5	0.9982430375931827	4.135083974423677	3550.218404444638	3649.8400332946585
7.208960000000001e-5	0.9981645220947102	4.135005345375677	3535.9829221999967	3634.849120865486
7.53664e-5	0.9980862678935009	4.134926972990202	3521.8548764503075	3619.9747647679847
7.86432e-5	0.9980082730240383	4.13484885533338	3507.833286404201	3605.215872707712
8.192e-5	0.9979305355395955	4.134770990489827	3493.9171811555893	3590.5713636749656
8.51968e-5	0.9978530535120363	4.134693376562455	3480.1055995776755	3576.0401678207863
8.84736e-5	0.9977758250316181	4.134616011672284	3466.3975902178454	3561.621226334417
9.175040000000001e-5	0.9976988482067966	4.13453889395824	3452.7922111939847	3547.3134913219133
9.50272e-5	0.9976221211640334	4.134462021576972	3439.288530091827	3533.1159256866376
9.8304e-5	0.9975456420476063	4.134385392702664	3425.885623863465	3519.0275030105313
0.0001015808	0.9974694090194202	4.134309005526848	3412.5825787271447	3505.047207437159
0.0001048576	0.9973558082459432	4.134195160566444	3392.871079366321	3484.338930719784
0.00011141120000000001	0.99720504980409	4.1340440637121105	3366.902610641685	3457.067535535688
0.0001179648	0.9970552391288215	4.133893897704107	3341.3158772704714	3430.2089909111114
0.0001245184	0.9969063624363881	4.133744648980269	3316.104047597882	3403.755714705925
0.000131072	0.9967584062007381	4.133596304232079	3291.260425345505	3377.700278756656
0.0001376256	0.9966113571481569	4.133448850399394	3266.7784467494494	3352.0354055450725
0.00014417920000000002	0.996465202252018	4.133302274665274	3242.651677761804	3326.7539649417668
0.0001507328	0.9963199287276482	4.133156564450935	3218.873811313999	3301.8489710238973
0.0001572864	0.9961755240272769	4.133011707410774	3195.43866464016	3277.3135789642106
0.00016384	0.9960319758351551	4.132867691427568	3172.340176660837	3253.141081991104
0.0001703936	0.9958892720627512	4.132724504607741	3149.5724054237326	3229.3249084169665
0.0001769472	0.9957474008440544	4.132582135276749	3127.1295256011167	3205.858618733619
0.00018350080000000002	0.9956063505309807	4.132440571974553	3105.005826042334	3182.7359027729335
0.0001900544	0.9954661096888795	4.132299803451198	3083.1957073801113	3159.9505769317702
0.000196608	0.9953266670921396	4.1321598186624895	3061.6936796897608	3137.4965814588813
0.0002031616	0.9951880117198916	4.132020606765762	3040.4943601997334	3115.3679778031437
0.0002097152	0.994982464345229	4.1318141830237884	3009.4240323006397	3082.954750719365
0.00022282240000000002	0.9947105854259083	4.131541094552157	2968.9203806955643	3040.729727230587
0.0002359296	0.994441640536253	4.131270886559874	2929.526374968471	2999.694897424776
0.0002490368	0.9941755518530023	4.131003482476626	2891.2042632984826	2959.8087439605683
0.000262144	0.993912244298139	4.13073880843474	2853.917729347307	2921.0313664782752
0.0002752512	0.9936516454295011	4.13047679316149	2817.631833757955	2883.324414168325
0.00028835840000000003	0.9933936853359583	4.130217367875912	2782.3129581564463	2846.651021289328
0.0003014656	0.9931382965369642	4.129960466189915	2747.928751545074	2810.97574550153
0.0003145728	0.9928854138857676	4.129706024012994	2714.4480789724057	2776.264508882556
0.00032768	0.9926349744780023	4.12945397946224	2681.8409724118455	2742.484541525024
0.0003407872	0.9923869175634907	4.129204272775514	2650.078583716614	2709.604327577357
0.0003538944	0.9921411844617732	4.128956846228282	2619.1331395711873	2677.5935536250313
0.00036700160000000003	0.9918977184812039	4.128711644053969	2588.9778983509214	2646.4230593066054
0.0003801088	0.9916564648414514	4.1284686123676595	2559.5871088058257	2616.0647900644494
0.000393216	0.9914173705992569	4.1282276990929985	2530.935970488193	2586.491751933424
0.0004063232	0.9911803845773036	4.1279888538921705	2503.0005958471984	2557.677968277253
0.0004194304	0.9908316877636553	4.127637256875452	2462.7889330939	2516.2408342080244
0.00044564480000000003	0.9903722171869636	4.1271738068935715	2411.247963258343	2463.1904930972496
0.0004718592	0.9899202117676268	4.12671767891166	2362.145018861257	2412.7167325830474
0.0004980736	0.989475346434669	4.126268553169245	2315.330936816439	2364.6582625229007
0.000524288	0.9890373162672499	4.125826129749734	2270.6669671375253	2318.865309075569
0.0005505024	0.9886058350359708	4.125390127143564	2228.0239851539027	2275.1987238874044
0.0005767168000000001	0.988180633857102	4.124960280922582	2187.2817666667365	2233.5291660186103
0.0006029312	0.9877614599509619	4.124536342517002	2148.328320813646	2193.736350431318
0.0006291456	0.9873480754873937	4.1241180780781335	2111.0592757237914	2155.708357317445
0.00065536	0.9869402565427865	4.123705267451	2075.3773130750264	2119.3409974253286
0.0006815744	0.9865377921263571	4.1232977032151785	2041.1916470019405	2084.5372283441816
0.0007077888	0.9861404832815795	4.122895189799651	2008.4175438889063	2051.2066175811474
0.0007340032000000001	0.9857481422566119	4.122497542665637	1976.9758796948834	2019.2648485116592
0.0007602176	0.9853605917380873	4.122104587551819	1946.7927317409446	1988.6332656248435
0.000786432	0.9849776641431185	4.121716159776933	1917.7990021522553	1959.2384557943378
0.0008126464	0.9845992009648022	4.12133210359505	1889.9300703831511	1931.0118625864288
0.0008388608	0.9840471248771997	4.120771410868623	1850.7276947778962	1891.3499533221989
0.0008912896000000001	0.9833213745140472	4.1200339099445324	1801.4741063393171	1841.5989497429935
0.0009437184	0.9826105420889104	4.119311012462468	1755.6647205704342	1795.4080968515452
0.0009961472	0.9819137664702634	4.118601872459465	1712.9641098622646	1752.42439495703
0.001048576	0.981230264872257	4.117905721143471	1673.0758241571746	1712.3366284769781
0.0011010048	0.9805593239520091	4.117221858113226	1635.737347402458	1674.8698530870658
0.0011534336000000001	0.9799002920248165	4.116549643681346	1600.7157545814387	1639.780664330853
0.0012058624	0.979252572256737	4.115888492161808	1567.8039671082224	1606.853131221785
0.0012582912	0.9786156166153576	4.1152378659051045	1536.8175186854878	1575.8952957003362
0.00131072	0.9779889208153743	4.1145972703157465	1507.5917621115084	1546.736157115582
0.0013631488	0.9773720197529461	4.113966249351698	1479.979449262698	1519.2230681487808
0.0014155776	0.9767644834977971	4.1133443815740405	1453.8486328875676	1493.2194835099378
0.0014680064000000001	0.9761659137678605	4.112731276672641	1429.0808447613429	1468.6030106191697
0.0015204352	0.9755759408220834	4.112126572404306	1405.5695114633984	1445.2637191323188
0.001572864	0.9749942207162033	4.111529931888939	1383.2185747261435	1423.1026726262407
0.0016252928	0.974420432874129	4.110941041216972	1361.9412881250091	1402.0306512140253
0.0016777216	0.9735911692106928	4.110088827710438	1332.5187843775793	1372.9137422474835
0.0017825792000000001	0.9725014977610641	4.108967996262848	1295.9438986535044	1336.7953926699115
0.0018874368	0.9714372487714482	4.107871995782941	1262.3653002197557	1303.7076556834886
0.0019922944	0.9703969575565901	4.106799394636842	1231.4141874704608	1273.2727517994
0.002097152	0.9693792825010519	4.105748881973466	1202.7794676015199	1245.1727115344831
0.0022020096	0.9683829951775043	4.104719257979343	1176.1971866776323	1219.1382656832177
0.0023068672000000003	0.9674069699652693	4.103709423650222	1151.442115157153	1194.9400420957259
0.0024117248	0.9664501740109059	4.102718370906714	1128.3210160219057	1172.3815509087074
0.0025165824	0.9655116573259604	4.101745172841625	1106.6672259695033	1151.2935600968754
0.00262144	0.9645905454061707	4.100788976477367	1086.3362893071662	1131.5295705613005
0.0027262976	0.9636860315387775	4.0998489952057	1067.2024001707075	1112.9621434658434
0.0028311552	0.962797369966485	4.098924502072561	1049.1554961506106	1095.479906919281
0.0029360128000000003	0.9619238698251468	4.098014823825525	1032.098871601674	1078.985102896387
0.0030408704	0.9610648897725659	4.097119335642003	1015.9472076268536	1063.3915660710331
0.003145728	0.9602198332299924	4.09623745646056	1000.6249378097461	1048.6230497844306
0.0032505856	0.959388144164133	4.095368644844043	986.0648858253592	1034.6118324695065
0.0033554432	0.9581984681800721	4.0941233246291775	966.1084227321542	1015.4119267991638
0.0035651584000000003	0.956635956673697	4.0924855203819615	941.2731936299623	991.5990878984104
0.0037748736	0.9551147218998	4.0908880709290525	918.4939661423123	969.8271433737374
0.0039845888	0.9536327353237702	4.089329020121631	897.5111982745195	949.832337186257
0.004194304	0.9521879516465084	4.08780638940431	878.1071790666617	931.3946189979263
0.0044040192	0.9507784019684781	4.086318271303908	860.0982523225741	914.3290959813478
0.0046137344000000005	0.9494022308160295	4.0848628668497895	843.3285470461718	898.4793414972955
0.0048234496	0.9480577074285979	4.083438497271673	827.664969300825	883.7121414261196
0.0050331648	0.946743222804978	4.08204360141102	812.9931886726721	869.9133370254281
0.00524288	0.9454572881841942	4.080676734626111	799.2144693129791	856.9845444896358
0.0054525952	0.9441985258238347	4.079336559917802	786.24308549384	844.8405112074895
0.0056623104	0.9429656596416446	4.078021838884432	774.0042325065416	833.406985118512
0.0058720256000000005	0.9417575062320453	4.076731423019732	762.43232671815	822.618985396589
0.0060817408	0.9405729665002316	4.075464245599127	751.4696134473508	812.4193893943384
0.006291456	0.9394110180058287	4.074219314249231	741.0650199312124	802.757770614235
0.0065011712	0.9382707080269647	4.0729957042141764	731.173204695293	793.5894373100969
0.0067108864	0.936650436107899	4.0712516797281	717.6976447351472	781.0904918685612
0.0071303168000000005	0.9345284042712495	4.06896312667845	700.8554249917274	765.5390330077431
0.0075497472	0.9324717028226642	4.066739080297964	685.3728826589045	751.2951697617698
0.0079691776	0.9304773418516703	4.0645766955994125	671.0853765146978	738.1929269112384
0.008388608	0.9285419800976099	4.0624727559288285	657.851826428463	726.0924194514781
0.0088080384	0.9266623159719783	4.060424069622896	645.5519746664802	714.8755426150634
0.009227468800000001	0.9248352157068253	4.058427600782202	634.0831321095324	704.4421177486079
0.0096468992	0.9230577526393824	4.056480510222083	623.3572588981663	694.7067063732951
0.0100663296	0.9213272063140934	4.054580155636177	613.2984817066073	685.5960138713272
0.01048576	0.9196410671234978	4.0527240976418435	603.8411513628082	677.0468517299933
0.0109051904	0.9179970186064043	4.0509100829399145	594.9281712954889	669.0044513310655
0.0113246208	0.9163929208692735	4.049136028506316	586.5096442595417	661.4211027576465
0.011744051200000001	0.9148267948915342	4.047400006578598	578.5417663295818	654.2550479791812
0.0121634816	0.9132968079124983	4.0457002306436065	570.9859173425839	647.4695751508716
0.012582912	0.9118012600287371	4.044035042564349	563.807908834202	641.0322730474201
0.0130023424	0.9103385720284322	4.0424029008812274	556.9773589796943	634.9144138048254
0.0134217728	0.9082461799467141	4.0400572159735075	547.6362548850645	626.533691449461
0.014260633600000001	0.9055320007536706	4.037006436837791	535.9484498490551	616.0877315074372
0.0150994944	0.902919304379061	4.034058640713732	525.1829798663008	606.4889889056356
0.0159383552	0.9004019591453396	4.031207785242292	515.2328570211578	597.6335058136304
0.016777216	0.897973765392604	4.02844776109132	506.00425871679636	589.4323558174474
0.0176160768	0.8956288831952757	4.025772810569594	497.41635468938983	581.8098896548678
0.018454937600000002	0.8933619243226802	4.023177616877392	489.399680419702	574.701631845657
0.0192937984	0.8911679548221144	4.020657306309923	481.89443050278396	568.0524087193178
0.0201326592	0.8890424592759835	4.018207412818354	474.84889826167074	561.8147593776148
0.02097152	0.8869813237754183	4.01582386236816	468.2182734978652	555.9476996827505
0.0218103808	0.8849807902989931	4.013502928363441	461.963523473049	550.4156518508117
0.0226492416	0.8830374194005471	4.01124119536179	456.0504944838602	545.1875812626415
0.023488102400000002	0.8811480570331368	4.009035526852619	450.4491730807181	540.2362917635998
0.0243269632	0.879309804950671	4.006883036519271	445.1330749995821	535.5378468021559
0.025165824	0.8775199944165921	4.004781062709827	440.0787376824315	531.0710914338016
0.0260046848	0.8757761629313413	4.002727145832615	435.26529712083163	526.8172556218335
0.0268435456	0.8732242940647837	3.9997003254396257	428.56407143770326	520.8732494105963
0.028521267200000002	0.8699747895879468	3.9958334884771323	420.23047007381115	513.4945874993094
0.0301989888	0.8668766970956081	3.9921285324463405	412.55726435999105	506.70051429828186
0.0318767104	0.863916106177707	3.9885706596783868	405.46571007728716	500.4188762547205
0.033554432	0.8610812265884713	3.9851475385994988	398.8876873675651	494.5884218988817
0.0352321536	0.8583618518460862	3.981848567585567	392.76495604436803	489.15723424121745
0.036909875200000004	0.8557490425796132	3.9786644897175574	387.04772220611574	484.0811581292638
0.0385875968	0.8532349033499967	3.975587137618546	381.6932795552339	479.3224584133905
0.0402653184	0.850812414392436	3.9726092502606383	376.66482600754745	474.848708894565
0.04194304	0.8484752988251067	3.9697243270882	371.93052739795996	470.63191173284866
0.0436207616	0.8462179172215735	3.9669265193208427	367.46269622622117	466.64775998402365
0.0452984832	0.8440351811661096	3.964210540536516	363.2371348961718	462.8750437866949
0.046976204800000004	0.8419224816501629	3.961571593095021	359.23259823228057	459.2951667722893
0.0486539264	0.839875629187216	3.959005306953091	355.43035127613877	455.89174987273634
0.050331648	0.837890803303415	3.9565076882734207	351.8138038234994	452.65030495576474
0.0520093696	0.8359645096207452	3.9540750758836833	348.3682069535993	449.5579645394402
0.0536870912	0.8330961680296902	3.9504151866756	343.51148287000564	445.1550513696041
0.057042534400000004	0.8295098716556626	3.945824489383862	337.50144415721326	439.71919873694446
0.0603979776	0.8261240039292268	3.9414650742773456	331.9719796683441	434.71002283656685
0.0637534208	0.8229143471028227	3.937308672225709	326.8635785411227	430.0726064551966
0.067108864	0.81986250073279	3.933334361770505	322.1257440342701	425.76164033739
0.0704643072	0.8169534734663734	3.929525316107316	317.7157483750452	421.7392432773226
0.07381975040000001	0.814174645050932	3.925867468441348	313.59731283860214	417.9734610847533
0.0771751936	0.8115151705552479	3.922348770755257	309.73947289171537	414.4371246780603
0.0805306368	0.8089656052364442	3.9189587435748523	306.11564679805014	411.106968552925
0.08388608	0.8065176268310428	3.9156881445695033	302.7028855695379	407.96293253148
0.0872415232	0.8041638528731684	3.912528763025246	299.4812646793975	404.9876171264909
0.0905969664	0.8018976936950639	3.9094732547535673	296.4333943717583	402.1658452435811
0.09395240960000001	0.799713236249415	3.9065150132658157	293.54402195654814	399.48430883369434
0.0973078528	0.7976051505056	3.9036480670483953	290.79970693441095	396.93128184493804
0.100663296	0.7955686127213533	3.9008669959855666	288.1885540225326	394.49638528920485
0.1040187392	0.7935992416796264	3.8981668622589045	285.69999244384996	392.17039361655304
0.1073741824	0.7906823078655417	3.894109861717282	282.23070819304934	388.8591573056729
0.11408506880000001	0.7870619034436341	3.8890655310159405	277.9008465080911	384.76020344359614
0.1207959552	0.7836658182428089	3.884305583532823	273.90859486927036	380.9747053209033
0.1275068416	0.780464570476304	3.879791517347693	270.21564248350035	377.46306414065504
0.134217728	0.7774363781358828	3.8754959789129972	266.78720021216543	374.19240945510484
0.1409286144	0.7745637571539498	3.8713974488408622	263.59322892443254	371.13520616251355
0.14763950080000002	0.7718321118649775	3.8674781496716837	260.60802528857494	368.26820020648114
0.1543503872	0.7692289715608931	3.8637229614395827	257.8095754373367	365.57159509362
0.1610612736	0.7667435278025203	3.8601187966040644	255.17894701746394	363.0284148919149
0.16777216	0.7643663015040768	3.8566541620369654	252.699776240463	360.6239971763724
0.1744830464	0.762088925701464	3.853318891704264	250.35784366618543	358.3456032019112
0.1811939328	0.7599039679937865	3.8501039294085744	248.14073054218545	356.1821018455575
0.18790481920000002	0.7578047910314748	3.8470011611097923	246.03753812809472	354.123715353576
0.1946157056	0.7557854402250125	3.8440032816093312	244.03865774157123	352.1618129304955
0.201326592	0.7538405517208591	3.8411036861338776	242.13558145088754	350.288741783122
0.2080374784	0.7519652759915816	3.838296380722445	240.32074538311963	348.497687795172
0.2147483648	0.7492423776351785	3.83414160931033	237.86321704973105	345.9881261830862
0.22817013760000002	0.7458529994813151	3.8289782554815703	234.7268777359605	342.84605993970047
0.2415919104	0.7426831683807286	3.824124076239409	231.82217720906638	339.9343457934628
0.2550136832	0.739705011736442	3.819537367886562	229.1285556652596	337.22690310996177
0.268435456	0.7368972142151283	3.8151882397235286	226.62317948763067	334.700467457253
0.2818572288	0.7342423245100194	3.8110529154783856	224.2854383640822	332.33506105626674
0.29527900160000004	0.7317256288670361	3.807111601345532	222.09740713221316	330.11361630706267
0.3087007744	0.7293344980748099	3.8033473848059067	220.0436058685448	328.02149997599173
0.3221225472	0.7270579813035886	3.7997456203164632	218.1106445496552	326.04610147847796
0.33554432	0.7248864659030841	3.7962934099720034	216.28692049812264	324.1764804362743
0.3489660928	0.7228114907762886	3.7929793741722797	214.5623173247716	322.4031019387809
0.3623878656	0.7208255608752892	3.7897933999162947	212.9279787471129	320.7176104448892
0.37580963840000003	0.7189220030718174	3.786726450226001	211.37611745058774	319.1126475217147
0.3892314112	0.7170948496255195	3.783770412054621	209.89985658939693	317.5817029804605
0.402653184	0.7153387422208215	3.7809179718607586	208.4930983523473	316.11899232728325
0.4160749568	0.7136488520629193	3.7781625123393625	207.1504146006216	314.7193552145666
0.4294967296	0.7112642718274621	3.77417533802051	205.40894118947716	312.8117617174898
0.45634027520000003	0.7082616418753414	3.7691908526341007	203.10880883676376	310.3770742274343
0.4831838208	0.7054543495965644	3.76451280377809	200.966865348982	308.1119038553031
0.5100273664	0.7028202724837285	3.760102403375772	198.97416999543944	306.0005147251316
0.536870912	0.7003408693632678	3.7559304586641713	197.11608234606874	304.0265973991561
0.5637144576	0.6980004007078142	3.7519730641607763	195.37865618986214	302.17560748153574
0.5905580032000001	0.6957854071812266	3.74821007193726	193.7494770499018	300.4349173903797
0.6174015488	0.6936842601396491	3.744624162143353	192.21768484379018	298.7935953147307
0.6442450944	0.6916868370160397	3.7412003055674896	190.77377701369156	297.242143463699
0.67108864	0.689784257036978	3.737925239447039	189.40952104186258	295.7723001031382
0.6979321856	0.6879687115084971	3.734787294956484	188.11768852145224	294.37683547575654
0.7247757312	0.6862332897604229	3.731776119740508	186.8919263992802	293.0493928395162
0.7516192768000001	0.6845718467834523	3.7288824801400424	185.7266310589722	291.78435852272355
0.7784628224	0.6829788954609183	3.726098103413739	184.61684122978428	290.5767543396339
0.805306368	0.6814495171892818	3.723415547979252	183.55814791892558	289.42214807873
0.8321499136	0.679979287142107	3.7208280953862283	182.5466187171472	288.3165787480917
0.8589934592	0.6779791402409431	3.7171888323900335	181.3059089840599	286.86598409146046
0.9126805504000001	0.6754114014801734	3.712586699520959	179.5932179040085	284.9651972166228
0.9663676416	0.6730058126628169	3.7082670863432288	177.9879687647293	283.18842020710514
1.0200547328	0.6707471941585929	3.704197643907614	176.4884017142149	281.5273143035861
1.073741824	0.6686208098530724	3.7003520796685647	175.08564461003203	279.97073731469095
1.1274289152	0.6666136343679631	3.6967081851263135	173.77050868492154	278.50825997499186
1.1811160064000001	0.6647143253814514	3.6932470234351715	172.5344845558961	277.1306167564666
1.2348030976	0.6629129775787788	3.689952208749511	171.36996753988058	275.8296704182452
1.2884901888	0.6612008595134604	3.686809418488151	170.2701647128884	274.598243589041
1.34217728	0.6595703537587494	3.683806050669819	169.22922076701542	273.43010724985453
1.3958643712	0.6580147396270065	3.6809310269395485	168.24194078498192	272.3197766193162
1.4495514624	0.6565280555866665	3.6781745160744097	167.30373029747338	271.2624056202012
1.5032385536000001	0.6551049932294202	3.6755277504293304	166.41051821733913	270.25369866718256
1.5569256448	0.653740808726575	3.6729828785368843	165.55868701022584	269.28983502404446
1.610612736	0.6524312480608697	3.6705328426417574	164.7450120818188	268.3674044559891
1.6642998272	0.6511724838346757	3.6681712762130143	163.9666099270054	267.4833527777359
1.7179869184	0.6495375629653611	3.664965204593232	163.07356857003649	266.37772808921994
1.8253611008000001	0.6473813923635299	3.660841530717167	161.77728092646424	264.8816333099961
1.9327352832	0.6453520542295962	3.6569625642040453	160.5520549631159	263.4744076556448
2.0401094656	0.6434414054723565	3.6533042739524273	159.40131310904837	262.15331031752936
2.147483648	0.6416389644798057	3.6498448769316685	158.32045313834226	260.9112868816022
2.2548578304	0.6399348907351788	3.6465653723148415	157.30371913069837	259.7411649848129
2.3622320128000003	0.6383203295695618	3.6434493111047495	156.3454109482347	258.63632611792355
2.4696061952	0.6367873711894074	3.6404822864884103	155.44024596804624	257.59081130385204
2.5769803776	0.635328841467606	3.6376514618916365	154.58334227262415	256.5992161967371
2.68435456	0.6339385547608827	3.634945646052408	153.77052448520826	255.65688570290004
2.7917287424	0.6326110138282744	3.63235498270013	152.99805360582207	254.7596916275398
2.8991029248	0.6313413072566315	3.6298706913338736	152.2625867728196	253.90395542271602
3.0064771072000003	0.6301250399009616	3.6274849195092655	151.56114137243526	253.08639689124863
3.1138512896	0.6289582700337091	3.625190621675123	150.89105336524378	252.30408512778425
3.221225472	0.6278374533271066	3.6229814556260225	150.2499380503317	251.5543943619467
3.3285996544	0.6267593943223414	3.6208516947630978	149.63565549178568	250.83496569769943
3.4359738368	0.6254388824722068	3.6180880780626925	148.98207259410006	249.986089201358
3.6507222016000003	0.6236354646471721	3.6144492185593218	147.98245865127504	248.79417201126924
3.8654705664	0.6219251488961959	3.6110098264692807	147.02709245522973	247.66343353035174
4.0802189312	0.6203067095852864	3.607755430270812	146.123518245281	246.59570368646345
4.294967296	0.618773995448435	3.604669928085774	145.2703462702964	245.5872734749525
4.5097156608	0.6173203675176301	3.601738540019805	144.4643246532345	244.63358390914078
4.724464025600001	0.6159394607006229	3.598948127885311	143.7018250411877	243.73013914954205
4.9392123904	0.614625319816088	3.5962868792820597	142.97926029663478	242.87270149955944
5.1539607552	0.613372245725448	3.5937438352749447	142.29312879309322	242.0572347503487
5.36870912	0.6121754043365778	3.591309586902998	141.64044615197508	241.28029619525861
5.5834574848	0.6110304774924352	3.5889758382742363	141.01853870168117	240.53882386426858
5.7982058496	0.6099335510990672	3.5867351286710107	140.424973283881	239.8300493874858
6.0129542144000006	0.6088810878821057	3.5845807373359033	139.85755517267967	239.15147960388848
6.2277025792	0.6078698935290221	3.5825066021805556	139.31430885656115	238.5008707686442
6.442450944	0.6068970802283855	3.5805072433634666	138.79345494919687	237.87620102785857
6.6571993088	0.6059600334972558	3.578577696886147	138.2933886642544	237.27564549357828
6.8719476736	0.6048898631859269	3.576209340966389	137.80204610541276	236.61273328292887
7.3014444032000005	0.6033663688866757	3.572996525802648	137.01189997824372	235.64400471448644
7.7309411328	0.6019062854878897	3.569936753460515	136.24652633502183	234.7149509783777
8.1604378624	0.6005145478763866	3.567025200423595	135.51629687709848	233.83090726752928
8.589934592	0.5991890071527419	3.56425193385489	134.8221955829604	232.99085498513443
9.0194313216	0.5979259091274743	3.5616067522518096	134.1628036536949	232.1923013334046
9.448928051200001	0.5967211675200019	3.559080161654558	133.53604804451228	231.43245354256248
9.8784247808	0.5955705896775911	3.5566631572707874	132.9396100485237	230.70843986668112
10.3079215104	0.5944697690225275	3.5543467279647674	132.37101133883206	230.0172846205317
10.73741824	0.593415025164877	3.552123288179404	131.82811555867124	229.35646489363225
11.1669149696	0.5924030947093624	3.549986201083688	131.30903851370496	228.72375742675115
11.5964116992	0.591430948043387	3.5479293945183277	130.81202327580283	228.1171075234788
12.025908428800001	0.5904958015734006	3.545947323104442	130.33545775893057	227.53463502474597
12.4554051584	0.5895951130593473	3.5440349358976664	129.8778734772272	226.9746287598722
12.884901888	0.5887265634619026	3.5421876306849613	129.4379351511262	226.43553277051706
13.3143986176	0.5878880385584753	3.5404012125695963	129.0144293792425	225.91593254252348
13.7438953472	0.587000982240693	3.538342939097731	128.62967687963598	225.38160960985124
14.602888806400001	0.5856805341836511	3.5354532226053546	127.98256580107734	224.56868113808943
15.4618822656	0.5843990981306478	3.5326737127591468	127.3466039936879	223.77928523568278
16.3208757248	0.583166366888894	3.530008051298495	126.73358439950782	223.0210680166121
17.179869184	0.5819835688313505	3.5274522368511625	126.1461579895036	222.29506905359182
18.0388626432	0.5808493547748697	3.5250004266542834	125.58423236876628	221.60037980979223
18.897856102400002	0.5797616214899355	3.5226467284791565	125.04690676276219	220.9355622161087
19.7568495616	0.5787177080967716	3.52038488803074	124.53282951916975	220.29883150198472
20.6158430208	0.5777143073285959	3.5182077223515478	124.04029813763685	219.688038974269
21.47483648	0.5767486676227597	3.51610929616211	123.56778520723257	219.10134944071402
22.3338299392	0.5758184293842741	3.5140845732800448	123.11399250885721	218.53719569379507
23.1928233984	0.5749213249931369	3.5121288204996146	122.67767485338882	217.99408601749275
24.051816857600002	0.5740552167463194	3.5102376161901296	122.25766034505833	217.47062193636575
24.9108103168	0.573218117698306	3.5084068685477483	121.85286179495799	216.9655086602255
25.769803776	0.5724081894454277	3.5066327996876567	121.46227625336695	216.47755235135799
26.6287972352	0.5716237372031846	3.504911930146532	121.08498166252944	216.0056555977985
27.4877906944	0.5708553719497896	3.5030567384402262	120.76618471106626	215.5532428058959
29.205777612800002	0.5696598598222209	3.5003548295877933	120.2090944018407	214.83784760691816
30.9237645312	0.5684838969368746	3.497725657619792	119.65371473322654	214.13401835684706
32.6417514496	0.5673405597099623	3.495179777263455	119.1122937278689	213.45077707925392
34.359738368	0.5662338011815595	3.492718510765653	118.58861873295567	212.79069426491085
36.0777252864	0.5651642054125781	3.490339858198972	118.08355332262961	212.1540537841607
37.795712204800004	0.5641313709946609	3.488041316853035	117.59708801964258	211.54049834323095
39.5136991232	0.5631339673509748	3.4858192220868784	117.12862523890702	210.94912070695085
41.2316860416	0.5621696174775437	3.483668019622591	116.67706275892776	210.37842327904343
42.94967296	0.5612362984898855	3.4815831626615963	116.24131742199235	209.82708250412708
44.6676598784	0.5603324111193505	3.4795610882894463	115.82052818298206	209.2940448085568
46.3856467968	0.5594563420884594	3.477598309223199	115.41384376154208	208.77826804935654
48.103633715200004	0.5586065091231237	3.475691447243052	115.02043304671119	208.27873915049904
49.8216206336	0.5577814007028772	3.4738372968228823	114.63950329256944	207.79449535445488
51.539607552	0.5569795867786121	3.4720328347479588	114.27030691538162	207.32462981682207
53.2575944704	0.5561997253830725	3.4702752291578456	113.91214417430344	206.8682944551643
54.9755813888	0.5554884935376341	3.468498739561137	113.62801838134104	206.458117524221
58.411555225600004	0.5543351667656908	3.4658139259432166	113.11543625557177	205.78604400347177
61.8475290624	0.5531851065287523	3.4631683585434154	112.59750627620821	205.11618207136738
65.2835028992	0.5520540727501019	3.460578605138151	112.08665006024681	204.45853120160635
68.719476736	0.5509483590342242	3.458050880009196	111.58752094557966	203.81688951032373
72.1554505728	0.5498701654403084	3.455586561486551	111.1017161812515	203.19247619703972
75.59142440960001	0.5488206214171077	3.453186409048544	110.62994298174449	202.58584147959115
79.0273982464	0.5477996102291006	3.450849259801922	110.17222481353598	201.9968241707663
82.4633720832	0.5468055529634008	3.448570973979569	109.72793893777745	201.424449098553
85.89934592	0.5458369999627883	3.446348132604018	109.29633358067181	200.8677764501966
89.3353197568	0.5448930082996466	3.44417854400444	108.87688454570645	200.32616773282788
92.7712935936	0.5439725457508275	3.44205990245085	108.46905481922805	199.79895332201949
96.20726743040001	0.5430745264893797	3.4399898220818916	108.07228824619013	199.28544149247207
99.6432412672	0.5421978632571802	3.4379659393637687	107.68602970258837	198.7849460442694
103.079215104	0.54134148801679	3.435985942485045	107.30973681956881	198.29679778553182
106.5151889408	0.5405043679887424	3.4340476023668445	106.94288702127518	197.82035305937256
109.9511627776	0.5397857431871766	3.4321963930582267	106.6663103745549	197.41467689454154
116.82311045120001	0.5385766297163354	3.429297827944023	106.15405908633382	196.72867967421033
123.6950581248	0.5373547734542937	3.4264044396717246	105.62998448247424	196.03632677334426
130.5670057984	0.536139008871116	3.423539460088716	105.10708077767242	195.3488427550761
137.438953472	0.5349381330104651	3.4207143684456907	104.5909272012897	194.6712834646006
144.3109011456	0.5337559420881629	3.417933881730418	104.08381131109674	194.00573467979538
151.18284881920002	0.5325951647933449	3.415202324198773	103.58711766456284	193.35363233446628
158.0547964928	0.5314569516720642	3.4125212582243782	103.10145503685337	192.71553902659664
164.9267441664	0.5303404510801761	3.409887788661904	102.62661586554547	192.09092337523484
171.79869184	0.5292446830594314	3.4072994194234165	102.16210592494498	191.47914315255818
178.6706395136	0.5281693374746677	3.404755377254275	101.70768671276407	190.8799319653874
185.5425871872	0.5271139571743254	3.4022546027458165	101.26309692493494	190.29296184773568
192.41453486080002	0.5260779504360755	3.3997957600140682	100.82802391307358	189.717836998626
199.2864825344	0.5250606520827625	3.3973773781669965	100.40212283870702	189.154125530757
206.158430208	0.5240613520369283	3.394997895028449	99.98503187388967	188.6013751992542
213.0303778816	0.5230793192827028	3.392655708347246	99.57638245954642	188.05912645919258
219.9023255552	0.522273438989286	3.390512812046509	99.27928446139087	187.61524632210643
233.64622090240002	0.5208741685773431	3.387049012808139	98.71710241047063	186.84439520167578
247.3901162496	0.5194421152820159	3.383547049395025	98.1353457916312	186.05726077614108
261.1340115968	0.5180011843813292	3.3800402961118023	97.54871055945367	185.2673483571009
274.877906944	0.5165637749088259	3.3765475941534957	96.96419567752272	184.4814895772357
288.6218022912	0.515135768812677	3.373077902852912	96.38497504316848	183.70284186128592
302.36569763840004	0.5137220271407119	3.3696404362994286	95.81326677071054	182.93395158022224
316.1095929856	0.5123253557071	3.3662404437476177	95.25037261600788	182.17626044404378
329.8534883328	0.5109456729190696	3.3628762277246915	94.69650973861351	181.42966856325086
343.59738368	0.5095824336209965	3.359546127220144	94.15140387747368	180.6937881930059
357.3412790272	0.5082360930290963	3.3562512101118838	93.61511196553681	179.96876614599617
371.0851743744	0.5069068997098207	3.3529920521794385	93.08766563570529	179.25465794150495
384.82906972160004	0.5055948654927797	3.349768688869994	92.56900961428019	178.55139671094474
398.5729650688	0.5042998375318823	3.3465808146238514	92.05901839774066	177.858830149802
412.316860416	0.5030215350647333	3.343427836842738	91.55751505646928	177.17674029549565
426.0607557632	0.5017595815524809	3.3403089495038905	91.06428453472576	176.50486115289502
439.8046511104	0.5007498982116244	3.3375203952561456	90.71256072179904	175.9657325594156
467.29244180480003	0.49895227157366306	3.3328942117791334	90.03575558691173	175.010224944472
494.7802324992	0.49709131896077774	3.3281618919511753	89.32837120234147	174.0246293799149
522.2680231936	0.4952009615358179	3.323376391257263	88.60905293890168	173.0271321203836
549.755813888	0.4933000801863867	3.3185696891254404	87.8873968627687	172.02768308471238
577.2436045824	0.4913980957957448	3.3137579166379014	87.16802814333766	171.0311687797931
604.7313952768001	0.48950345672169515	3.308958757774877	86.45446188445844	170.04189618314885
632.2191859712	0.48762165729726115	3.3041836811015526	85.74901540264163	169.0626313853601
659.7069766656	0.4857535945980867	3.299432282740957	85.05242240148849	168.0937593144691
687.19476736	0.48389920963099653	3.294703860081515	84.36461259196658	167.1351404118194
714.6825580544	0.4820601508817092	3.290002575571139	83.68602252541966	166.18750360845561
742.1703487488	0.48023775243112105	3.285331707766402	83.01706011988625	165.25143221336262
769.6581394432001	0.4784329210011551	3.280693485450765	82.35798451093282	164.32728934751714
797.1459301376	0.4766462350062447	3.2760894188506606	81.70892159686159	163.415269247448
824.633720832	0.4748779969722491	3.2715203649952933	81.06989051440323	162.51542470712056
852.1215115264	0.4731282800344515	3.2669866411083053	80.44082243430367	161.62769287425664
879.6093022208	0.47172930173202676	3.262918286796866	79.99170596615794	160.9116446087734
934.5848836096001	0.46919553995629015	3.256050502851889	79.11768222467974	159.62759544868157
989.5604649984	0.4665491340750851	3.2489602423419406	78.1977054441885	158.29411521883662
1044.5360463872	0.46384538047644186	3.2417437457707714	77.25868579471225	156.93908988056307
1099.511627776	0.46111606156190504	3.234459813003123	76.31508144710119	155.5783171265882
1154.4872091648	0.4583773590901743	3.227138884568699	75.37402045863881	154.21973654041054
1209.4627905536001	0.45564434412759036	3.219815034094315	74.44112303022946	152.87062496805137
1264.4383719424	0.452927098661569	3.212510931348472	73.52017969765377	151.53575513909036
1319.4139533312	0.45022753259152165	3.20522674337254	72.61242321836042	150.21585783284138
1374.38953472	0.4475459930275494	3.1979628458862854	71.71782860293153	148.91091254766255
1429.3651161088	0.44488608166840415	3.190729048653172	70.83726807176942	147.62245029627334
1484.3406974976	0.4422507621027365	3.183533142973795	69.97154729266401	146.35169498437773
1539.3162788864001	0.4396420978431237	3.1763805762747817	69.1211808294858	145.09942418414548
1594.2918602752	0.4370614609713607	3.1692752150877457	68.28642580509631	143.86607864189787
1649.267441664	0.434509641354181	3.1622194651840565	67.46733514304833	142.65181677769294
1704.2430230528	0.4319869417659755	3.1552145188716505	66.66379433846983	141.45656671274267
1759.2186044416	0.42990817619934585	3.1486895835448223	66.07412474046421	140.4552838050522
1869.1697672192001	0.42611869795682333	3.137617256458354	64.92290531236448	138.66145523995914
1979.1209299968	0.4221475908849135	3.126140538478448	63.71044226691796	136.79881297449907
2089.0720927744	0.4180954768975609	3.1144537799422896	62.479034434814665	134.91384471030935
2199.023255552	0.41401819257642514	3.102668143341928	61.25082999308113	133.0318048565645
2308.9744183296	0.4099431920406811	3.0908403457652835	60.036168260192376	131.16484090297328
2418.9255811072003	0.4058957466563279	3.079032143024409	58.84299291310311	129.32389256280155
2528.8767438848	0.4018913801840197	3.067281174448749	57.67610941866188	127.51534827611515
2638.8279066624	0.3979305337249844	3.055580877656271	56.53617024363272	125.73872359512112
2748.77906944	0.39401266257936907	3.043931403923046	55.422343067233506	123.99328711199287
2858.7302322176	0.3901436656293667	3.032351034183121	54.33550525104814	122.28108056153812
2968.6813949952	0.38632772597238635	3.0208523595272156	53.27630237869185	120.6033646522314
3078.6325577728003	0.3825670243491754	3.0094424738564793	52.24481903804329	118.96051129167124
3188.5837205504	0.37886244480866377	2.998125387992945	51.240730925676544	117.3523438564142
3298.534883328	0.37521388334692823	2.9869023807102577	50.263437531182504	115.77827123183471
3408.4860461056	0.37162049976975786	2.9757727250277757	49.31214362377375	114.23741108035604
3518.4372088832	0.36846000804010537	2.9646202096982543	48.570716890558195	112.84486792844882
3738.3395344384003	0.362753348086142	2.94591764583896	47.140049848841066	110.40179830800486
3958.2418599936	0.35682091778098357	2.9266356806664944	45.65331023086726	107.89881345124539
4178.1441855488	0.3508417408028135	2.9071546620214064	44.172564124460834	105.40740565436447
4398.046511104	0.34490033454507396	2.8876525034980474	42.72532069856248	102.95961767583024
4617.9488366592	0.3390324391125534	2.868213467916127	41.32161261205317	100.56812780468178
4837.851162214401	0.3332693553289951	2.848923399970402	39.968270025335606	98.24350131996279
5057.7534877696	0.3276247327074671	2.8298207762708207	38.667559945072895	95.9892098943137
5277.6558133248	0.32208883171039837	2.8108693264195197	37.41660706397808	93.79957181951362
5497.55813888	0.3166580914415735	2.7920701294205266	36.212449276680246	91.67199479944341
5717.4604644352	0.311339438851133	2.7734501702739105	35.054839909627205	89.60761387199403
5937.3627899904	0.30613494989586054	2.7550205859042842	33.942817178188534	87.60573600704548
6157.265115545601	0.30104319063263035	2.736782383023872	32.874664058070444	85.66443682900533
6377.1674411008	0.29606144657873523	2.7187335263068877	31.848388828835436	83.78143424433159
6597.069766656	0.2911862165147123	2.7008690630741015	30.861921129540843	81.9542377380766
6816.9720922112	0.2864136476624389	2.683182757524757	29.913202364763993	80.18032536654731
7036.8744177664	0.2818104656163441	2.6636889450694077	29.103776778803823	78.40015775933915
7476.679068876801	0.2737849341805158	2.6321001229458036	27.60429496151144	75.43420136280271
7916.4837199872	0.2656611481808931	2.6001009979440193	26.10477620015367	72.49535012899284
8356.2883710976	0.2576779334856279	2.5682543920420744	24.667454838006737	69.65667378224079
8796.093022208	0.2499093924114106	2.5367210985109936	23.30892676996771	66.93611555637666
9235.8976733184	0.24237684766875808	2.5055806305982	22.03013028771011	64.33632479450816
9675.702324428801	0.23509755876052485	2.474899861628608	20.830452915176316	61.85817923811939
10115.5069755392	0.2280677638838268	2.4446844538706833	19.705659776466064	59.496332138748116
10555.3116266496	0.22126100033121343	2.414853782061878	18.648401584058135	57.23872738505056
10995.11627776	0.21467318452496703	2.3854305866537473	17.65401289929475	55.08143464561179
11434.9209288704	0.20830631075666353	2.35643780236711	16.719776622952985	53.02171952665862
11874.7255799808	0.20215331516492652	2.327870132167185	15.841873336007076	51.05453680264163
12314.530231091201	0.19620473040327246	2.299714649248101	15.016282256770111	49.174475181297026
12754.3348822016	0.1904517946351964	2.2719604585581408	14.239300475815003	47.376597669733805
13194.139533312	0.1848859397569867	2.244595276080917	13.507512849524964	45.656220747699294
13633.9441844224	0.17949917228254658	2.2176079378514864	12.817794262822153	44.00903371246566
14073.7488355328	0.17378901232769786	2.1850842833067423	12.167296689384168	42.17654291838246
14953.358137753601	0.16449710716672045	2.1352860962387568	11.062109733785537	39.380317105061444
15832.9674399744	0.15551754070963705	2.086097709359708	10.030117099976808	36.74793172760048
16712.5767421952	0.14700464143599032	2.0379881328342604	9.094488552013697	34.30369948783453
17592.186044416	0.1389574275853149	1.990952958360157	8.250365244777656	32.03603364972353
18471.7953466368	0.13136451863700685	1.9450506915870416	7.489529868022154	29.93453596719792
19351.404648857602	0.12420821366853652	1.9002739454927005	6.8042511985792595	27.98697681123527
20231.0139510784	0.11746044443381828	1.8565859643792255	6.186315379503441	26.180247567276858
21110.6232532992	0.1110830515894208	1.8138889517833832	5.62751902625612	24.499854084878496
21990.23255552	0.10506494770639078	1.7722205295766909	5.122386952333333	22.938345641759984
22869.8418577408	0.09938796582842506	1.7315578446529432	4.665754017800239	21.486642941517868
23749.4511599616	0.09403020432124232	1.6918678876704047	4.252502216590345	20.13580888473744
24629.060462182402	0.08897168826107534	1.6531211539713102	3.8781163253823427	18.877831045602683
25508.6697644032	0.08419447330846193	1.615291609095851	3.538648982524697	17.705532753938535
26388.279066624	0.07968163939198361	1.5783530779199522	3.2305846054077088	16.61233876291386
27267.8883688448	0.07541761355882808	1.5422816256442025	2.9508061758824766	15.592293930332271
28147.4976710656	0.07058924531565407	1.4961181252628464	2.6659548501307038	14.381467406100121
29906.716275507202	0.06350807051620155	1.4302903481585054	2.245395335773975	12.736299647160244
31665.9348799488	0.057093405471060406	1.3670961647995983	1.8891857718005276	11.283675082077401
33425.1534843904	0.051327822678040085	1.3066918443970106	1.5910405928678837	10.006278327543946
35184.372088832	0.04614295885104881	1.2489029843854194	1.341286133621451	8.880639689189872
36943.5906932736	0.04148846698640913	1.1936988615637103	1.132108532441482	7.889105745232314
38702.809297715205	0.0373092341729212	1.1409497365829888	0.9567122305128916	7.014426561471163
40462.0279021568	0.033555470268606225	1.090543996828567	0.8094099143315778	6.241884693945145
42221.2465065984	0.030179593790016064	1.0423471201259493	0.6854170998914608	5.558321930433108
43980.46511104	0.027147887795383966	0.9963014304060375	0.5810685404915602	4.953493723748466
45739.6837154816	0.024424064087316354	0.952300857097266	0.49313614148385715	4.41766627942744
47498.9023199232	0.02197609698473864	0.9102517917133126	0.4189382944666253	3.9424866252397996
49258.120924364805	0.019775643306254465	0.8700667151705538	0.3562588290880984	3.5207073461682654
51017.3395288064	0.01779734732096544	0.8316617499033886	0.3032536555018299	3.1460010810556174
52776.558133248	0.01601849824331189	0.7949571126622642	0.25838388293400094	2.8128398488438515
54535.7767376896	0.014418780324342012	0.759876885722414	0.22036440101221452	2.516387086724351
56294.9953421312	0.01258716984866326	0.7136986596504158	0.18097068783336862	2.161406416954874
59813.432551014404	0.010258782459969387	0.6532861959009058	0.13335833410548226	1.74287265594484
63331.8697598976	0.00835558736320894	0.597828337946005	0.09848241656072897	1.4068913114013828
66850.3069687808	0.006806047675344894	0.5470663617060366	0.07298900819767361	1.1374942202764367
70368.744177664	0.005543729490118453	0.5005889306310785	0.05430019149105333	0.9209810559699758
73887.1813865472	0.004516743259274579	0.45806479423855245	0.04057954225505051	0.7467861338766982
77405.61859543041	0.0036808662966321404	0.4191531113610212	0.030474839317917734	0.6063656380394502
80924.0558043136	0.0030004455872158654	0.38354781228170043	0.02301042758800732	0.4929838105477066
84442.4930131968	0.002446275069843047	0.3509641828014346	0.017476888729634255	0.40127778018486937
87960.93022208	0.0019951888004842776	0.3211519216662679	0.01336383794352476	0.3270132016145033
91479.3674309632	0.0016278524588226751	0.29387381500134757	0.010294646865193909	0.2667843004112038
94997.8046398464	0.001328649014380746	0.26891421924184133	0.007995204653582088	0.2178735455857095
98516.24184872961	0.0010848903690990996	0.24607602434091128	0.0062649963302950275	0.17810461099781785
102034.6790576128	0.0008862555427976962	0.22517877007104664	0.004956915667644736	0.14573056890490566
105553.116266496	0.0007243530746111846	0.20605740984828108	0.0039628152284265266	0.11934693717377126
109071.5534753792	0.0005923570187471605	0.18856092974467004	0.0032029945612290756	0.09782248642121506
112589.9906842624	0.0004512580769555704	0.1653663843062217	0.002440199598948262	0.07316488925189175
119626.86510202881	0.0003059177293294654	0.13861214884649378	0.0017109395025758029	0.0495218382448246
126663.7395197952	0.00020774900953667607	0.11617454954851128	0.0012525550911969797	0.03359255174215573
133700.6139375616	0.0001416385890492131	0.09736970715468772	0.0009551842889385547	0.022841104586176095
140737.488355328	9.705170116162299e-5	0.08160998538176079	0.0007549035830161813	0.01556504805755996
147774.3627730944	6.694046805829581e-5	0.0684029181237401	0.0006147177723970493	0.010628945117737553
154811.23719086082	4.6550917669079966e-5	0.057334842880024765	0.0005127855371480507	0.0072723496527411155
161848.1116086272	3.2699993596210374e-5	0.048059169717331755	0.00043601707063174814	0.00498482659851135
168884.9860263936	2.3252443648401667e-5	0.04028545188606696	0.00037637948872427273	0.0034226821782178864
175921.86044416	1.6777482347965665e-5	0.033770393146929915	0.0003288170576848922	0.0023538698247578854
182958.7348619264	1.2312332473173863e-5	0.028310078430304194	0.00029004870983054645	0.0016212822106422883
189995.6092796928	9.210013188767046e-6	0.023733645263173536	0.00025788173410408785	0.00111830501385783
197032.48369745922	7.034976256545917e-6	0.01989792423396082	0.00023080359593897134	0.0007724251188371416
204069.3581152256	5.493478117465567e-6	0.016682947194776983	0.00020773846899439048	0.0005342190179199448
211106.232532992	4.387007178343621e-6	0.013988186099121162	0.00018789891174648553	0.00036993434991498684
218143.1069507584	3.581071002005439e-6	0.011729401386020034	0.00017069345508154108	0.0002564783767545753
225179.9813685248	2.7874712644936008e-6	0.008810969091566576	0.00014652562332967162	0.0001421680115523732
239253.73020405762	2.0712739136596266e-6	0.006102666543232347	0.00012202257252121311	6.675508492576189e-5
253327.4790395904	1.6144604241745601e-6	0.004235230833072907	0.00010294788527688073	3.1570104114246065e-5
267401.2278751232	1.3041468482465457e-6	0.0029418467533085264	8.77924876334444e-5	1.5001872899670656e-5
281474.976710656	1.080960402629954e-6	0.002044962859063001	7.556860311728197e-5	7.159532426268434e-6
295548.7255461888	9.129052012625204e-7	0.001422664287369109	6.558467764589808e-5	3.4314884448848133e-6
309622.47438172164	7.818799488523267e-7	0.0009907124353276573	5.734088162398774e-5	1.6521242590291892e-6
323696.2232172544	6.7704486478103e-7	0.0006907619873188357	5.0467571863429565e-5	7.993896580253356e-7
337769.9720527872	5.915203854316479e-7	0.00048237523815574323	4.468661842584115e-5	3.889838898654598e-7
351843.72088832	5.206990649293339e-7	0.0003375178165028266	3.9785696845626835e-5	1.9055198040815959e-7
365917.4697238528	4.6135114772895493e-7	0.00023675133498350903	3.560065955802238e-5	9.411944477453138e-8
379991.2185593856	4.111269904220629e-7	0.00016659513153117247	3.200314914595246e-5	4.698372553064038e-8
394064.96739491844	3.682667851982719e-7	0.00011769845106926035	2.8891748752895394e-5	2.3788619402507234e-8
408138.7162304512	3.314223434501061e-7	8.357382413259766e-5	2.618556310608487e-5	1.2283331369643805e-8
422212.465065984	2.9954228446452697e-7	5.9719193905028666e-5	2.3819499231829277e-5	6.521642039388138e-9
436286.2139015168	2.7179487931276373e-7	4.3009409419339415e-5	2.17407542928332e-5	3.6025577733214315e-9
450359.9627370496	2.3130406581353898e-7	2.4183517346132336e-5	1.7929714311353205e-5	1.4168700893512833e-9
478507.46040811524	1.8674952137268408e-7	1.256323602742334e-5	1.444386025985104e-5	6.472982826564303e-10
506654.9580791808	1.5204083836719328e-7	7.161104675456413e-6	1.183378263610557e-5	4.3829893859734044e-10
534802.4557502464	1.252302429310314e-7	4.504638074879225e-6	9.832316453159946e-6	3.684877950610691e-10
562949.953421312	1.0436425456741473e-7	3.105972440531754e-6	8.268122267275005e-6	3.3946184266686153e-10
591097.4510923777	8.793001637934985e-8	2.307179257757089e-6	7.026134042564329e-6	3.24803716287056e-10
619244.9487634433	7.482348650431019e-8	1.8095888907786445e-6	6.0264496494592626e-6	3.162168072384722e-10
647392.4464345088	6.424540367959958e-8	1.473433986903502e-6	5.212113739232675e-6	3.106256833657742e-10
675539.9441055744	5.5613053590727246e-8	1.2306273060343487e-6	4.541655375984529e-6	3.066975511577097e-10
703687.44177664	4.849663400152018e-8	1.0462235094013944e-6	3.984335380721292e-6	3.0377351306746736e-10
731834.9394477056	4.25750922657134e-8	9.01073259266852e-7	3.517015227465833e-6	3.014925611911294e-10
759982.4371187713	3.7605601373513036e-8	7.83899019282927e-7	3.12203963562909e-6	2.996412853054931e-10
788129.9347898369	3.340230860946933e-8	6.875694621301635e-7	2.7857724268306774e-6	2.9808633812043723e-10
816277.4324609024	2.9821374717743036e-8	6.07282544385989e-7	2.497564957376157e-6	2.967409236497982e-10
844424.930131968	2.67503123860752e-8	5.396364415253998e-7	2.2490174333968307e-6	2.9554676615955527e-10
872572.4278030336	2.410029532203595e-8	4.821264897404973e-7	2.0334423107214483e-6	2.944637685313301e-10
900719.9254740992	1.7997741022124838e-8	3.705522180756217e-7	1.448684625852967e-6	2.906220283328687e-10
957014.9208162305	1.2727448278636068e-8	2.646777550529136e-7	1.0236709249540965e-6	2.867066967429604e-10
1.0133099161583616e6	9.272055531944115e-9	1.9064995333197838e-7	7.489167191381039e-7	2.830750458159362e-10
1.0696049115004928e6	6.948478595864719e-9	1.4034525865689357e-7	5.64226573364545e-7	2.7960598125790975e-10
1.125899906842624e6	5.337077937003023e-9	1.0590148866876484e-7	4.3582984335326337e-7	2.762392092605107e-10
1.1821949021847553e6	4.187931208709223e-9	8.181284395109296e-8	3.439286689973342e-7	2.729459957315512e-10
1.2384898975268865e6	3.347916130296979e-9	6.45443624225743e-8	2.764588285055397e-7	2.697120043088229e-10
1.2947848928690176e6	2.720278629637802e-9	5.1864621603522076e-8	2.2581278662006354e-7	2.665295163816915e-10
1.3510798882111488e6	2.2421181171246933e-9	4.234866090779929e-8	1.8704499420797705e-7	2.633939967969474e-10
1.40737488355328e6	1.8714755842460637e-9	3.506666577941413e-8	1.5685234744956392e-7	2.6030253591099447e-10
1.4636698788954113e6	1.5796979456594868e-9	2.939700288753116e-8	1.3297425190531826e-7	2.572531052392655e-10
1.5199648742375425e6	1.3467974928665836e-9	2.4914289916494602e-8	1.1382939420998407e-7	2.5424418422764215e-10
1.5762598695796737e6	1.158558950599602e-9	2.1321067840472155e-8	9.828960480329478e-8	2.512745630481696e-10
1.6325548649218048e6	1.0046927724731926e-9	1.84051838613088e-8	8.553551818351783e-8	2.4834323301649046e-10
1.688849860263936e6	8.77630323629198e-10	1.601259296320425e-8	7.496232966820057e-8	2.454493226383696e-10
1.7451448556060672e6	7.717219134102737e-10	1.4029609530928839e-8	6.611697408004364e-8	2.425920584712036e-10
1.8014398509481985e6	3.421542835942259e-10	7.239974077638799e-9	2.7869215504882616e-8	2.0791878582630655e-10
1.914029841632461e6	1.5613618629131484e-10	3.2377391894984832e-9	1.2917225717595068e-8	1.7751078626969652e-10
2.0266198323167232e6	8.09393283504537e-11	1.6138027148134486e-9	6.78340315255292e-9	1.5177846038946102e-10
2.1392098230009857e6	4.646591448097502e-11	8.980828131264432e-10	3.935235022054667e-9	1.2998480746926643e-10
2.251799813685248e6	2.8916648230946555e-11	5.463544339274095e-10	2.469618924797128e-9	1.1151393934813468e-10
2.3643898043695106e6	1.9180243412388636e-11	3.5640977331526847e-10	1.6491880214870266e-9	9.584828600460843e-11
2.476979795053773e6	1.3384682227791338e-11	2.45630295431257e-10	1.1571797762977356e-9	8.255195147878926e-11
2.589569785738035e6	9.729788521650458e-12	1.7685524986209222e-10	8.449681147012731e-10	7.125749670219998e-11
2.7021597764222976e6	7.312032906225336e-12	1.3191505108612397e-10	6.373519265737636e-10	6.165501355557404e-11
2.81474976710656e6	5.647907688095334e-12	1.0128312495649138e-10	4.938310226737664e-10	5.348310111148533e-11
2.9273397577908225e6	4.463744180639888e-12	7.965732806812031e-11	3.9132607663412117e-10	4.6521193327924854e-11
3.039929748475085e6	3.59696004806652e-12	6.393018391946137e-11	3.160553994370588e-10	4.058313544562956e-11
3.1525197391593475e6	2.946934260143454e-12	5.219973367033026e-11	2.594518746225195e-10	3.551178308785146e-11
3.2651097298436095e6	2.449148235025376e-12	4.3257677431392394e-11	2.1600072397492423e-10	3.1174455338147635e-11
3.377699720527872e6	2.060931219032195e-12	3.631111239903592e-11	1.8204191829335377e-10	2.7459104359671118e-11
3.4902897112121345e6	1.7532823153914798e-12	3.082473985694515e-11	1.550802206468311e-10	2.4271087449216385e-11
3.4902897112121345e6	1.749461952493738e-12	3.01849807717232e-11	1.903519626448724e-11	1.73995178159323e-12
3.602879701896397e6	1.0886466195886e-12	1.8630513756790147e-11	0.0	2.2704846475006043e-21
3.7154696925806594e6	1.0886466195886e-12	1.8630513756790147e-11	0.0	2.2704846475006043e-21
3.828059683264922e6	1.0886466195886e-12	1.8630513756790147e-11	0.0	2.2704846475006043e-21
3.9406496739491844e6	1.0886466195886e-12	1.8630513756790147e-11	0.0	2.2704846475006043e-21
4.0532396646334464e6	1.0886466195886e-12	1.8630513756790147e-11	0.0	2.2704846475006043e-21
4.165829655317709e6	1.0886466195886e-12	1.8630513756790147e-11	0.0	2.2704846475006043e-21
4.278419646001971e6	1.0886466195886e-12	1.8630513756790147e-11	0.0	2.2704846475006043e-21
4.391009636686234e6	1.0886466195886e-12	1.8630513756790147e-11	0.0	2.2704846475006043e-21
4.503599627370496e6	1.0886466195886e-12	1.8630513756790147e-11	0.0	2.2704846475006043e-21
4.616189618054759e6	1.0886466195886e-12	1.8630513756790147e-11	0.0	2.2704846475006043e-21
4.728779608739021e6	1.0886466195886e-12	1.8630513756790147e-11	0.0	2.2704846475006043e-21
4.841369599423284e6	1.0886466195886e-12	1.8630513756790147e-11	0.0	2.2704846475006043e-21
4.953959590107546e6	1.0886466195886e-12	1.8630513756790147e-11	0.0	2.2704846475006043e-21
5.066549580791808e6	1.0886466195886e-12	1.8630513756790147e-11	0.0	2.2704846475006043e-21
5.17913957147607e6	1.0886466195886e-12	1.8630513756790147e-11	0.0	2.2704846475006043e-21
5.291729562160333e6	1.0886466195886e-12	1.8630513756790147e-11	0.0	2.2704846475006043e-21
5.404319552844595e6	1.0886466195886e-12	1.8630513756790147e-11	0.0	2.2704846475006043e-21
5.516909543528858e6	1.0886466195886e-12	1.8630513756790147e-11	0.0	2.2704846475006043e-21
5.62949953421312e6	1.0886466195886e-12	1.8630513756790147e-11	0.0	2.2704846475006043e-21
5.742089524897383e6	1.0886466195886e-12	1.8630513756790147e-11	0.0	2.2704846475006043e-21
5.854679515581645e6	1.0886466195886e-12	1.8630513756790147e-11	0.0	2.2704846475006043e-21
5.967269506265908e6	1.0886466195886e-12	1.8630513756790147e-11	0.0	2.2704846475006043e-21
6.07985949695017e6	1.0886466195886e-12	1.8630513756790147e-11	0.0	2.2704846475006043e-21
6.1924494876344325e6	1.0886466195886e-12	1.8630513756790147e-11	0.0	2.2704846475006043e-21
6.305039478318695e6	1.0886466195886e-12	1.8630513756790147e-11	0.0	2.2704846475006043e-21
6.417629469002957e6	1.0886466195886e-12	1.8630513756790147e-11	0.0	2.2704846475006043e-21
6.530219459687219e6	1.0886466195886e-12	1.8630513756790147e-11	0.0	2.2704846475006043e-21
6.6428094503714815e6	1.0886466195886e-12	1.8630513756790147e-11	0.0	2.2704846475006043e-21
6.755399441055744e6	1.0886466195886e-12	1.8630513756790147e-11	0.0	2.2704846475006043e-21
6.867989431740006e6	1.0886466195886e-12	1.8630513756790147e-11	0.0	2.2704846475006043e-21
6.980579422424269e6	1.0886466195886e-12	1.8630513756790147e-11	0.0	2.2704846475006043e-21
