0.0	0.04369978853680091	0.2756147834266917	1.9675263629378386
0.022013161736865416	0.043700727534394655	0.2756232965798861	1.9674203998447781
0.04402632347373083	0.04370620253685853	0.27565032316668825	1.9671460930139086
0.06603948521059624	0.04371424175214798	0.27569486006601335	1.966668957445484
0.08805264694746166	0.04372548420563353	0.27575715755425323	1.9660027039651773
0.11006580868432708	0.04373994601535392	0.27583727378423184	1.9651470812611709
0.1320789704211925	0.04375762905132848	0.27593522503969853	1.9641026770935617
0.15409213215805792	0.04377853793154527	0.2760510290363974	1.9628703342426765
0.17610529389492333	0.043802678126380196	0.27618470760752656	1.9614510226650552
0.19811845563178873	0.04383005586158475	0.2763362859226104	1.9598458546416255
0.22013161736865416	0.04386067823287018	0.2765057924496354	1.9580560871365795
0.24214477910551957	0.043894553176837485	0.276693258994532	1.956083117593891
0.264157940842385	0.04393168948275134	0.27689872071404714	1.953928481406689
0.2861711025792504	0.043972096793228554	0.27712221610892884	1.9515938492980895
0.30818426431611584	0.04401578560509583	0.27736378701503417	1.949081024523482
0.33019742605298125	0.044062767284666814	0.2776234786085405	1.9463919399262086
0.35221058778984665	0.044113054067537544	0.2779013393990169	1.943528654612165
0.37422374952671206	0.04416665906509696	0.2781974212275779	1.9404933504901187
0.39623691126357746	0.044223596272166814	0.27851177926310583	1.9372883286940474
0.4182500730004429	0.044283880573513935	0.2788444719977861	1.9339160057982518
0.44026323473730833	0.044347527751724	0.2791955612421701	1.9303789099043311
0.46227639647417373	0.04441455449484326	0.27956511211987883	1.9266796765609764
0.48428955821103914	0.044484978404967054	0.2799531930612359	1.9228210445782568
0.5063027199479045	0.04455881800744203	0.28036005740681424	1.91880159828868
0.52831588168477	0.044636092759976355	0.2807854704437847	1.9146315646965861
0.5503290434216354	0.044716823062667055	0.28122965123281507	1.910310653521041
0.5723422051585008	0.04480103026861515	0.2816926836703679	1.90584192729643
0.5943553668953663	0.04488873669469024	0.28217465523157537	1.9012285242934892
0.6163685286322317	0.04497996563306626	0.2826756569883928	1.8964736535397437
0.6383816903690971	0.045074741363294375	0.28319578362845377	1.8915805898041753
0.6603948521059625	0.04517308916474782	0.283735133474362	1.8865526685606309
0.6824080138428279	0.04527503532981348	0.2842938085037614	1.8813932809454608
0.7044211755796933	0.045380607177543004	0.28487191436992443	1.8761058687197183
0.7264343373165587	0.045489833067847915	0.28546956042290433	1.8706939192485572
0.7484474990534241	0.045602742416378815	0.2860868597313278	1.865160960512156
0.7704606607902895	0.045719365709932014	0.28672392910466366	1.8595105561577343
0.7924738225271549	0.04583973452248927	0.28738088911609344	1.8537463006038448
0.8144869842640203	0.04596388153188086	0.28805786412585793	1.8478718142088235
0.8365001460008858	0.04609184053708264	0.28875498230511726	1.8418907385124044
0.8585133077377513	0.04622364647618543	0.289472375660323	1.8358067315602733
0.8805264694746167	0.046359335445011675	0.29021018005800836	1.8296234633208264
0.9025396312114821	0.046498944716428625	0.29096853525005295	1.8233446112017664
0.9245527929483475	0.04664251276036069	0.29174758489935276	1.816973855674938
0.9465659546852129	0.046790079264527606	0.29254747660588964	1.8105148760161005
0.9685791164220783	0.04694168515590754	0.2933683619331652	1.8039713461660412
0.9905922781589437	0.04709737262296586	0.2942103964349801	1.7973469307191616
1.012605439895809	0.04725718513865971	0.29507373968252815	1.7906452810445532
1.0346186016326746	0.047421167484231655	0.2959585552917685	1.7838700315440936
1.05663176336954	0.04758936577382379	0.2968650109510499	1.7770247960517511
1.0786449251064054	0.047761827479934016	0.2977932784489568	1.770113164377368
1.1006580868432707	0.04793860145972627	0.29874353370232926	1.7631386989977
1.1226712485801362	0.048119737982230945	0.29971595678443114	1.7561049318970499
1.1446844103170015	0.048305288756454595	0.30071073195322073	1.7490153615591733
1.166697572053867	0.048495306960419815	0.30172804767967937	1.7418734501114985
1.1887107337907326	0.048689847271172156	0.30276809667616306	1.7346826206224761
1.2107238955275978	0.04888896589577157	0.30383107592471753	1.7274462545521243
1.2327370572644634	0.04909272060330195	0.30491718670531903	1.7201676893554716
1.2547502190013287	0.04930117075792774	0.3060266346239811	1.7128502162382078
1.2767633807381942	0.049514377353026225	0.3071596296406762	1.7054970780633356
1.2987765424750595	0.04973240304643092	0.30831638609701373	1.6981114674073396
1.320789704211925	0.04995531219681355	0.30949712274361335	1.6906965247638712
1.3428028659487903	0.05018317090124594	0.3107020627671108	1.6832553368928391
1.3648160276856558	0.050416047033970415	0.3119314338167286	1.6757909353122138
1.386829189422521	0.05065401028642019	0.3131854680303396	1.6683062949298204
1.4088423511593866	0.0508971322085265	0.31446440205995246	1.6608043328119553
1.4308555128962521	0.0511454862513518	0.31576847709653927	1.6532879070855055
1.4528686746331174	0.05139914781109117	0.3170979388941224	1.6457598159700721
1.474881836369983	0.05165819427448316	0.31845303779303713	1.6382227969363095
1.4968949981068482	0.051922705065677144	0.3198340287422786	1.6306795259866533
1.5189081598437137	0.05219276169460002	0.3212411713208389	1.623132617054383
1.540921321580579	0.052468447806872834	0.32267472975793526	1.6155846215168825
1.5629344833174446	0.05274984923532497	0.32413497295202454	1.6080380278188826
1.5849476450543099	0.053037054053158436	0.32562217448849634	1.600495261201357
1.6069608067911754	0.053330152628816296	0.32713661265593086	1.5929586835317209
1.6289739685280407	0.05362923768260851	0.32867857046079935	1.5854305932309254
1.6509871302649062	0.05393440434515572	0.3302483356404862	1.577913225293028
1.6730002920017717	0.05424575021770831	0.33184620067449755	1.5704087513928155
1.695013453738637	0.05456337543440454	0.3334724627937217	1.5629192800770642
1.7170266154755025	0.054887382726531146	0.33512742398759887	1.555446857035038
1.7390397772123678	0.05521787748885449	0.3368113910090475	1.5479934654438927
1.7610529389492333	0.0555549678480903	0.3385246753769935	1.5405610263846579
1.7830661006860986	0.055898764733585585	0.3402675933763364	1.5331513993245744
1.8050792624229641	0.05624938195028712	0.34204046605518446	1.5257663826616048
1.8270924241598294	0.0566069362540747	0.3438436192191769	1.518407714327031
1.849105585896695	0.056971547429539575	0.3456773834227102	1.5110770724421219
1.8711187476335602	0.05734333837029236	0.34754209395687197	1.5037760760249685
1.8931319093704257	0.057722435161888484	0.34943809083388166	1.4965062857436797
1.9151450711072913	0.05810896716746077	0.35136571876782663	1.4892692047122156
1.9371582328441566	0.05850306711615453	0.35332532715147175	1.4820662793252843
1.959171394581022	0.058904871194461784	0.3553172700289166	1.4748989001288058
1.9811845563178874	0.05931451914055856	0.35734190606385946	1.4677684027225895
2.0031977180547527	0.059732154341748715	0.35939959850322106	1.460676068691976
2.025210879791618	0.0601579239351267	0.36149071513586917	1.4536231265653254
2.0472240415284837	0.0605919789115714	0.36361562824617616	1.446610752794352
2.069237203265349	0.06103447422319212	0.36577471456212984	1.4396400727544303
2.0912503650022143	0.0614855688943483	0.3679683551977091	1.4327121617621201
2.11326352673908	0.06194542613637388	0.37019693558922245	1.425828046107288
2.1352766884759453	0.062414213466137666	0.37246084542529595	1.4189887040973181
2.157289850212811	0.06289210282858054	0.3747604785701897	1.4121950671110255
2.1793030119496763	0.06337927072337367	0.3770962329801049	1.4054480206600166
2.2013161736865414	0.06387589833584781	0.3794685106121323	1.3987484054553558
2.223329335423407	0.06438217167235098	0.38187771732548564	1.3920970184775023
2.2453424971602725	0.06489828170019692	0.38432426277464293	1.385494614047616
2.267355658897138	0.06542442449237393	0.3868085602940112	1.3789419048984186
2.289368820634003	0.06596080137719114	0.3893310267737178	1.372439563242942
2.3113819823708686	0.06650761909304476	0.39189208252611246	1.3659882218395558
2.333395144107734	0.06706508994849605	0.3944921511425563	1.3595884750518088
2.3554083058445996	0.06763343198786072	0.3971316593400605	1.3532408799017026
2.377421467581465	0.06821286916251454	0.39981103679731983	1.3469459571151006
2.39943462931833	0.06880363150813419	0.4025307159796729	1.340704192158111
2.4214477910551957	0.06940595532809457	0.4052911319525143	1.334516036263314
2.443460952792061	0.07002008338325826	0.40809272218265985	1.3283819074448397
2.4654741145289267	0.07064626508840081	0.41093592632715914	1.3223021915013704
2.487487276265792	0.07128475671552428	0.4138211860090337	1.3162772430062097
2.5095004380026573	0.07193582160432445	0.4167489445794077	1.3103073862836525
2.531513599739523	0.0725997303800855	0.4197196468654778	1.304392916370962
2.5535267614763884	0.07327676117929084	0.4227337389037678	1.298534099965319
2.5755399232132534	0.0739671998832472	0.4257916676580883	1.292731176355197
2.597553084950119	0.07467134036003358	0.4288938807216155	1.2869843583356488
2.6195662466869845	0.07538948471510037	0.4320408260024936	1.2812938331070818
2.64157940842385	0.07612194355085551	0.43523295139234536	1.2756597631571414
2.6635925701607155	0.07686903623559102	0.438470704417073	1.2700822871253747
2.6856057318975806	0.07763109118211631	0.4417545318693176	1.2645615206503986
2.707618893634446	0.07840844613648228	0.4450848794219339	1.2590975571993588
2.7296320553713116	0.079201448477194	0.44846219122183134	1.2536904688794865
2.751645217108177	0.08001045552532865	0.4518869094635263	1.2483403072316233
2.773658378845042	0.08083583486599376	0.45535947394173926	1.243047104005619
2.7956715405819077	0.0816779646815754	0.45888032158236897	1.2378108719175385
2.817684702318773	0.08253723409725096	0.46244988595117015	1.232631605388655
2.8396978640556387	0.08341404353925617	0.466068596739463	1.2275092812662378
2.8617110257925042	0.08430880510642112	0.46973687922619306	1.2224438595261764
2.8837241875293693	0.08522194295550835	0.4734551537156735	1.2174352839575049
2.905737349266235	0.0861538937009138	0.477223834950336	1.2124834828289193
2.9277505110031004	0.0871051068293086	0.4810433314978234	1.2075883695374052
2.949763672739966	0.08807604512983333	0.48491404511177166	1.202749843239117
2.971776834476831	0.08906718514047471	0.4888363700656293	1.1979677894626686
2.9937899962136965	0.09007901761128563	0.492810692458884	1.193242080705007
3.015803157950562	0.09111204798513917	0.49683738949507883	1.1885725770100715
3.0378163196874275	0.09216679689673371	0.5009168287310203	1.1839591265304479
3.059829481424293	0.09324380069059857	0.5050493672966039	1.1794015660722343
3.081842643161158	0.09434361195888492	0.5092353510847119	1.1748997216233654
3.1038558048980236	0.09546680009975324	0.5134751139106645	1.170453408865633
3.125868966634889	0.09661395189721281	0.517768976640744	1.166062433670672
3.1478821283717546	0.0977856721232975	0.5221172462893521	1.1617265925801599
3.1698952901086197	0.09898258416350586	0.5265202150844003	1.1574456732705265
3.191908451845485	0.10020533066646946	0.5309781595005881	1.1532194550024306
3.2139216135823507	0.10145457421885777	0.5354913392602761	1.1490477090553068
3.2359347753192163	0.10273099804656885	0.5400599963017192	1.1449301991472602
3.2579479370560813	0.10403530674330225	0.5446843537144995	1.140866681840613
3.279961098792947	0.10536822702765465	0.5493646146420593	1.1368569069333878
3.3019742605298124	0.10673050852993006	0.5541009611513261	1.132900617837037
3.323987422266678	0.1081229246099049	0.558893553069496	1.1289975519407143
3.3460005840035434	0.10954627320684192	0.5637425267881476	1.1251474409623792
3.3680137457404085	0.11100137772310127	0.5686479940349436	1.1213500112870585
3.390026907477274	0.11248908794275335	0.5736100406133006	1.1176049842925382
3.4120400692141395	0.11401028098665718	0.5786287251105091	1.11391207666281
3.434053230951005	0.11556586230552822	0.5837040775749311	1.1102710006895355
3.45606639268787	0.11715676671258353	0.5888360981629898	1.1066814645618888
3.4780795544247356	0.11878395945741609	0.5940247557568777	1.103143172644987
3.500092716161601	0.1204484373428192	0.5992699865539836	1.0996558257472702
3.5221058778984666	0.12215122988634879	0.6045716926292509	1.096219121377081
3.544119039635332	0.12389340052848682	0.6099297404718154	1.0928327539887475
3.566132201372197	0.12567604788933856	0.6153439594974637	1.089496415218441
3.5881453631090627	0.12750030707587637	0.6208141405386314	1.0862097941100899
3.6101585248459283	0.12936735104181826	0.6263400343138453	1.0829725773316317
3.6321716865827938	0.1312783920023096	0.6319213498787376	1.0797844493818558
3.654184848319659	0.1332346829056602	0.637557753060944	1.0766450927881228
3.6761980100565244	0.13523751896446887	0.6432488648814303	1.0735541882952164
3.69821117179339	0.13728823924855624	0.6489942599650375	1.070511415045561
3.7202243335302554	0.1393882283422103	0.6547934649432131	1.0675164507511028
3.7422374952671205	0.14153891806833782	0.6606459568522075	1.0645689718570648
3.764250657003986	0.14374178928220344	0.6665511615302119	1.0616686536978315
3.7862638187408515	0.14599837373752336	0.6725084520171887	1.058815170645203
3.808276980477717	0.14831025602777334	0.6785171469613953	1.0560081962492536
3.8302901422145825	0.15067907560565746	0.6845765090368836	1.0532474033720107
3.8523033039514476	0.15310652888376727	0.6906857433764962	1.0505324643141873
3.874316465688313	0.15559437141955082	0.6968439960251483	1.0478630509352074
3.8963296274251786	0.1581444201877908	0.7030503524185139	1.045238834766679
3.918342789162044	0.16075855594386992	0.7093038358924	1.0426594871195907
3.940355950898909	0.16343872568117757	0.7156034062284471	1.040124679185395
3.9623691126357747	0.16618694518607854	0.721947958242019	1.037634082131186
3.9843822743726403	0.16900530169392758	0.7283363204183932	1.0351873671891751
4.006395436109505	0.17189595664966714	0.7347672536036449	1.0327842057406407
4.028408597846371	0.17486114857658833	0.7412394497568224	1.0304242693945487
4.050421759583236	0.177903196056864	0.7477515307702665	1.0281072300610161
4.072434921320102	0.1810245008274836	0.7543020473651271	1.0258327600197972
4.094448083056967	0.1842275509952139	0.7608894780693324	1.0236005319839636
4.1164612447938325	0.18751492437419365	0.7675122282854488	1.021410219158943
4.138474406530698	0.1908892919497242	0.774168629456023	1.0192614952970833
4.1604875682675635	0.1943534214717479	0.7808569383341344	1.0171540347478942
4.182500730004429	0.19791018118141068	0.7875753363669973	1.0150875125041283
4.2045138917412945	0.20156254367396187	0.7943219292005245	1.0130616042438445
4.22652705347816	0.2053135899010734	0.8010947463128107	1.0110759863686047
4.248540215215026	0.2091665133154399	0.8078917407845133	1.009130336037945
4.270553376951891	0.21312462416024003	0.8147107892140694	1.0072243312002571
4.292566538688756	0.2171913539057149	0.8215496917856236	1.005357650620221
4.314579700425622	0.2213702598347079	0.8284061724974386	1.0035299739029142
4.336592862162487	0.2256650297785391	0.8352778795583892	1.001740981514725
4.358606023899353	0.23007948700402134	0.8421623859599452	0.9999903548012005
4.380619185636218	0.234617595251757	0.8490571902307863	0.9982777760019433
4.402632347373083	0.23928346392509003	0.8559597173808872	0.9966029282626788
4.424645509109949	0.24408135342818374	0.8628673200415402	0.9949654956446042
4.446658670846814	0.2490156806506614	0.8697772798073702	0.9933651631311355
4.46867183258368	0.25409102459505784	0.8766868087859172	0.9918016166321544
4.490684994320545	0.25931213214195215	0.8835930513598133	0.9902745429858695
4.51269815605741	0.2646839239461028	0.8904930861660116	0.9887836299583843
4.534711317794276	0.27021150045510955	0.8973839282958413	0.987328566241082
4.556724479531141	0.27590014804010876	0.9042625317189705	0.9859090414459173
4.578737641268006	0.2817553452257076	0.9111257919335845	0.9845247460987159
4.600750803004872	0.2877827690037569	0.9179705488442548	0.9831753716305685
4.622763964741737	0.2939883012126273	0.9247935898681021	0.9818606103674167
4.644777126478603	0.30037803496034093	0.9315916532689223	0.9805801555179117
4.666790288215468	0.3069582810661766	0.9383614317179607	0.9793337011596375
4.688803449952333	0.3137355744911959	0.9450995760790087	0.9781209422237785
4.710816611689199	0.3207166807234286	0.9518026994144175	0.9769415744783154
4.732829773426064	0.3279086020782238	0.9584673812075348	0.9757952945098288
4.75484293516293	0.33531858386840235	0.9650901717959511	0.9746817997039876
4.776856096899795	0.3429541203923092	0.9716675970087667	0.9736007882248012
4.79886925863666	0.350822960680598	0.9781961629999584	0.9725519589927053
4.820882420373526	0.35893311393449007	0.9846723612687213	0.9715350116615585
4.842895582110391	0.3672928545792924	0.9910926738565026	0.9705496465946205
4.8649087438472565	0.3759107268470464	0.9974535787092766	0.969595564839578
4.886921905584122	0.38479554879121475	1.0037515551924463	0.9686724681026908
4.9089350673209875	0.3939564156242436	1.0099830897446491	0.9677800587221248
4.9309482290578535	0.40340270225556735	1.016144681655638	0.9669180396405332
4.9529613907947185	0.4131440648930326	1.0222328489523695	0.9660861143769572
4.974974552531584	0.42319044155480073	1.028244134376437	0.9652839869981024
4.99698771426845	0.4335520513213563	1.0341751114350477	0.9645113620890572
5.019000876005315	0.444239392138339	1.04002239050689	0.9637679447235159
5.041014037742181	0.4552632369603591	1.0457826249834545	0.9630534404335594
5.063027199479046	0.46663462800376015	1.0514525174256877	0.9623675551790596
5.085040361215911	0.4783648688523978	1.0570288257152503	0.9617099953167605
5.107053522952777	0.490465514134881	1.0625083691791797	0.9610804675690982
5.129066684689642	0.5029483564644021	1.0678880346663715	0.9604786789928109
5.151079846426507	0.5158254103033043	1.073164782554045	0.9599043369473955
5.173093008163373	0.5291088923839947	1.0783356526622003	0.9593571490634694
5.195106169900238	0.5428111982858621	1.0833977700540987	0.9588368232110849
5.217119331637104	0.5569448747347472	1.0883483507008913	0.9583430674680548
5.239132493373969	0.5715225871574812	1.093184706988792	0.9578755900883393
5.261145655110834	0.5865570819895826	1.0979042530475713	0.9574340994705451
5.2831588168477	0.6020611431997759	1.102504509879671	0.9570183041265906
5.305171978584565	0.618047542461383	1.1069831102698926	0.9566279126505844
5.327185140321431	0.6345289823685614	1.111337803456395	0.9562626336879716
5.349198302058296	0.6515180320659123	1.1155664595446364	0.9559221759049905
5.371211463795161	0.6690270546344347	1.1196670736469407	0.9556062479584974
5.393224625532027	0.6870681255565174	1.1236377697314768	0.9553145584661992
5.415237787268892	0.7056529415695897	1.1274768041657244	0.9550468159773485
5.437250949005758	0.7247927192140443	1.1311825689408146	0.9548027289439436
5.459264110742623	0.7444980823886277	1.1347535945645761	0.9545820056924832
5.481277272479488	0.764778938248335	1.1381885526126336	0.9543843543963222
5.503290434216354	0.7856443408189252	1.141486257928475	0.9542094830486718
5.525303595953219	0.8071023417620146	1.144645670465039	0.954057099436292
5.547316757690084	0.8291598278089616	1.147665896762054	0.9539269111139211
5.56932991942695	0.8518223444945094	1.1505461910550636	0.9538186253794856
5.591343081163815	0.8750939059665769	1.1532859560137931	0.9537319492501347
5.613356242900681	0.8989767908312558	1.1558847431092525	0.9536665894391434
5.635369404637546	0.9234713242162697	1.1583422526106792	0.9536222523337288
5.6573825663744115	0.9485756465062165	1.1606583332151392	0.9535986439738162
5.6793957281112775	0.9742854695226834	1.1628329813142486	0.9535954700318061
5.7014088898481425	1.000593821295292	1.1648663399041272	0.9536124357933752
5.7234220515850085	1.027490780997687	1.1667586971462476	0.9536492461393554
5.745435213321874	1.0549632061066967	1.1685104845883263	0.9537056055287353
5.767448375058739	1.0829944543822925	1.1701222750558622	0.9537812179828155
5.789461536795605	1.1115641038569293	1.1715947802262203	0.9538757870705635
5.81147469853247	1.1406476746593954	1.1729288478984334	0.9539890158952049
5.833487860269335	1.170216357170669	1.1741254589730095	0.9541206070820877
5.855501022006201	1.2002367517033001	1.1751857241570813	0.9542702627678576
5.877514183743066	1.2306706255940087	1.176110880411145	0.9544376845909808
5.899527345479932	1.261474694277396	1.1769022871544437	0.9546225736836498
5.921540507216797	1.2926004335397918	1.1775614222467334	0.954824630665108
5.943553668953662	1.3239939307020552	1.1780898777647433	0.9550435556364246
5.965566830690528	1.355595782911951	1.1784893555920726	0.9552790481767559
5.987579992427393	1.387341050998009	1.1787616628416098	0.9555308073411248
6.009593154164259	1.419159277404434	1.1789087071297528	0.9557985316597462
6.031606315901124	1.4509745765457491	1.1789324917218034	0.9560819191389369
6.053619477637989	1.482705805447355	1.1788351105679096	0.9563806672636284
6.075632639374855	1.5142668217367736	1.1786187432487596	0.9566944730015193
6.09764580111172	1.5455668348889722	1.1782856498500451	0.957023032808894
6.119658962848586	1.5765108550903506	1.1778381657843588	0.9573660426381275
6.141672124585451	1.6070002421658267	1.1772786965787818	0.9577231979469079
6.163685286322316	1.6369333547287275	1.176609712645912	0.9580941937091961
6.185698448059182	1.6662062971003317	1.1758337440555107	0.9584787244279486
6.207711609796047	1.694713758667306	1.1749533753232926	0.9588764841496188
6.229724771532912	1.7223499372849476	1.1739712402326785	0.9592871664804623
6.251737933269778	1.7490095352016257	1.1728900167045642	0.9597104646046606
6.273751095006643	1.7745888129021228	1.1717124217293522	0.9601460713042811
6.295764256743509	1.798986683388256	1.1704412063746432	0.9605936789810878
6.317777418480374	1.8221058268839212	1.1690791508811031	0.9610529796802172
6.339790580217239	1.8438538039170336	1.1676290598581265	0.961523665115729
6.361803741954105	1.8641441433304342	1.1660937575899868	0.9620054266980447
6.38381690369097	1.8828973811227296	1.1644760834622452	0.9624979555632808
6.405830065427836	1.900042026201713	1.16277888751726	0.9630009426044803
6.4278432271647015	1.9155154301924027	1.161005026146683	0.9635140785047549
6.4498563889015665	1.929264540374987	1.1591573579279608	0.9640370537723327
6.4718695506384325	1.9412465175864209	1.157238739610904	0.9645695587775139
6.493882712375298	1.95142920440333	1.1552520222595217	0.9651112837915391
6.515895874112163	1.9597914329920278	1.153200047553462	0.9656619190273583
6.537909035849029	1.966323166488623	1.1510856442525468	0.9662211546823031
6.559922197585894	1.9710254724566159	1.1489116248270979	0.9667886809826479
6.58193535932276	1.9739103316525863	1.146680782255966	0.967364188230058
6.603948521059625	1.9750002898025647	1.1443958869934576	0.9679473668499043
6.62596168279649	1.974327964163702	1.1420596841056332	0.968537907441438
6.647974844533356	1.9719354201528676	1.1396748905758118	0.969135500829806
6.669988006270221	1.9678734361412042	1.1372441927784922	0.9697398381198867
6.692001168007087	1.962200676558688	1.1347702441203276	0.9703506107519294
6.714014329743952	1.954982794687618	1.1322556628462541	0.9709675105589693
6.736027491480817	1.9462914869562173	1.129703030008391	0.971590229825998
6.758040653217683	1.9362035202203847	1.1271148875948764	0.9722184613508561
6.780053814954548	1.924799752522614	1.1244937368154002	0.9728518985068213
6.802066976691413	1.9121641662493054	1.1218420365398267	0.9734902353068583
6.824080138428279	1.8983829305907738	1.1191622018859817	0.974133166469492
6.846093300165144	1.8835435078730158	1.1164566029523837	0.9747803874862742
6.86810646190201	1.8677338158027155	1.1137275636914632	0.9754315946907937
6.890119623638875	1.851041455067745	1.1109773609185885	0.9760864853291958
6.91213278537574	1.8335530091700325	1.1082082234520592	0.9767447576321607
6.934145947112606	1.8153534209263316	1.1054223313790565	0.9774061108882965
6.956159108849471	1.7965254478241064	1.1026218154424599	0.978070245518896
6.978172270586337	1.7771491964162711	1.0998087565433288	0.9787368631540052
7.000185432323202	1.7573017342117454	1.0969851853538126	0.9794056667097484
7.022198594060067	1.7370567760834774	1.0941530820352101	0.9800763604668559
7.044211755796933	1.7164844410732034	1.0913143760559008	0.9807486501503301
7.066224917533798	1.6956510746111755	1.0884709461038877	0.9814222430101941
7.088238079270664	1.6746191305693963	1.0856246200887172	0.9820968479032558
7.110251241007529	1.6534471072023607	1.0827771752276156	0.9827721753758231
7.132264402744394	1.632189530869513	1.0799303382107404	0.9834479377473018
7.15427756448126	1.6108969814469924	1.0770857854405222	0.9841238491946077
7.1762907262181255	1.5896161534906847	1.0742451433402072	0.9847996258373192
7.1983038879549905	1.5683899474777343	1.0714099887267823	0.9854749858234965
7.2203170496918565	1.5472575858015398	1.0685818492436119	0.9861496494160966
7.242330211428722	1.5262547486003533	1.0657622038482408	0.9868233390798974
7.2643433731655875	1.5054137249404185	1.0629524833509514	0.9874957795688618
7.286356534902453	1.4847635753324482	1.0601540709998145	0.9881666980138538
7.308369696639318	1.4643303020199603	1.057368303108116	0.9888358240106305
7.330382858376184	1.4441370239279239	1.054596469720208	0.9895028897080185
7.352396020113049	1.4242041535907306	1.0518398153119648	0.9901676298961989
7.374409181849915	1.4045495737834364	1.0490995395222171	0.9908297820950065
7.39642234358678	1.385188811954942	1.0463767979116632	0.9914890866421627
7.418435505323645	1.3661352109035638	1.0436727027459376	0.9921452867813487
7.440448667060511	1.3474000944433668	1.0409883237996695	0.9927981287500317
7.462461828797376	1.32899292708344	1.038324689178521	0.9934473618669558
7.484474990534241	1.3109214669830769	1.0356827861563502	0.9940927386192049
7.506488152271107	1.293191911655075	1.033063562024806	0.994734014748746
7.528501314007972	1.2758090360690524	1.0304679249527993	0.995370949338364
7.550514475744838	1.2587763229592146	1.0278967448534555	0.9960033048968939
7.572527637481703	1.2420960852687455	1.0253508542562968	0.9966308474436584
7.594540799218568	1.2257695807684377	1.0228310491825352	0.9972533465920214
7.616553960955434	1.2097971189729382	1.0203380900214967	0.9978705756319632
7.638567122692299	1.1941781605462154	1.0178727024063436	0.9984823116115872
7.660580284429165	1.1789114094409827	1.0154355780873705	0.999088335417464
7.68259344616603	1.1639948980568822	1.0130273758012804	0.9996884318537286
7.704606607902895	1.1494260657310509	1.010648722134974	1.000282389719834
7.726619769639761	1.1352018308941556	1.0083002123824911	1.0008700018868766
7.748632931376626	1.1213186572364866	1.0059824113938527	1.001451065372402
7.770646093113492	1.107772614233697	1.0036958544146597	1.0020253814136095
7.792659254850357	1.0945594323814725	1.0014410479154112	1.0025927555388627
7.814672416587222	1.0816745534837797	0.9992184704095831	1.0031529976374254
7.836685578324088	1.0691131763314026	0.9970285732596168	1.003705922027343
7.858698740060953	1.056870298096876	0.9948717814700453	1.0042513475213815
7.880711901797818	1.0449407517594178	0.992748494467062	1.0047890974909506
7.902725063534684	1.0333192398595676	0.9906590868639295	1.005318999927931
7.9247382252715495	1.022000364868388	0.9886039092116783	1.0058408875043283
7.946751387008415	1.0109786564407006	0.9865832887346335	1.006354597629687
7.9687645487452805	1.0002485958062324	0.984597530050358	1.0068599725061858
7.990777710482146	0.9898046375368965	0.9826469158736721	1.0073568591813509
8.01279087221901	0.9796412289130714	0.9807317077044587	1.0078451095983212
8.034804033955878	0.969752827096673	0.9788521464990206	1.008324580643598
8.056817195692743	0.960133914304298	0.9770084533248102	1.0087951341922243
8.078830357429608	0.950779011159679	0.9752008299983858	1.009256637150332
8.100843519166473	0.9416826883914156	0.9734294597065077	1.0097089614950046
8.122856680903338	0.9328395770291836	0.9716945076103184	1.010151984311401
8.144869842640205	0.9242443772396979	0.9699961214325864	1.0105855878270977
8.16688300437707	0.9158918659323898	0.9683344320280396	1.0110096594435962
8.188896166113935	0.9077769032541624	0.9667095539368283	1.0114240917649602
8.2109093278508	0.8998944380827221	0.9651215859212071	1.0118287826235415
8.232922489587665	0.8922395126187231	0.963570611485533	1.0122236351027587
8.254935651324532	0.8848072661683974	0.9620566993797158	1.0126085575569
8.276948813061397	0.8775929382003683	0.9605799040862747	1.0129834636279167
8.298961974798262	0.8705918707529986	0.9591402662911669	1.0133482722591902
8.320975136535127	0.8637995102617846	0.9577378133385941	1.0137029077062436
8.342988298271992	0.8572114088700512	0.9563725596699795	1.0140472995443894
8.365001460008857	0.8508232252804184	0.9550445072473567	1.0143813826732895
8.387014621745724	0.8446307251991759	0.9537536459613911	1.0147050973184286
8.409027783482589	0.8386297814208531	0.9524999540242992	1.0150183890294857
8.431040945219454	0.8328163735957601	0.9512833983479138	1.015321208675606
8.45305410695632	0.8271865877192176	0.950103934907172	1.015613512437575
8.475067268693184	0.8217366153774122	0.9489615090893039	1.0158952617968946
8.497080430430051	0.8164627527814023	0.9478560560290007	1.0161664235217784
8.519093592166916	0.8113613996176874	0.9467875009298644	1.0164269696500678
8.541106753903781	0.8064290577408639	0.945755759372424	1.0166768774690949
8.563119915640646	0.8016623297313407	0.9447607376090265	1.0169161294925042
8.585133077377511	0.7970579173386828	0.943802332845907	1.0171447134340603
8.607146239114378	0.7926126198290239	0.9428804335127385	1.0173626221784673
8.629159400851243	0.7883233322530299	0.9419949195199795	1.017569853749226
8.651172562588108	0.7841870436490965	0.9411456625043222	1.0177664112735691
8.673185724324973	0.7802008351949036	0.9403325260625585	1.017952302944505
8.695198886061839	0.7763618783189316	0.9395553659741742	1.018127541980012
8.717212047798705	0.7726674327822544	0.9388140304129826	1.0182921465794246
8.73922520953557	0.7691148447397268	0.9381083601481097	1.0184461398770621
8.761238371272436	0.7657015447885699	0.9374381887346452	1.0185895498931405
8.7832515330093	0.7624250460114201	0.9368033426942647	1.0187224094820275
8.805264694746166	0.759282942019991	0.9362036416861351	1.0188447562778895
8.827277856483033	0.7562729050046902	0.9356388986684101	1.0189566326377897
8.849291018219898	0.7533926837948633	0.9351089200506202	1.0190580855822964
8.871304179956763	0.7506401019336106	0.9346135058372619	1.0191491667336656
8.893317341693628	0.7480130557706131	0.934152449762887	1.019229932251657
8.915330503430493	0.7455095125758134	0.9337255394189918	1.019300442767057
8.93734366516736	0.7431275086763736	0.9333325563730024	1.0193607633129707
8.959356826904225	0.7408651476188692	0.932973276279652	1.0194109632539583
8.98136998864109	0.7387205983583143	0.9326474689850407	1.0194511162130842
9.003383150377955	0.7366920934752733	0.9323548986236688	1.0194812999969574
9.02539631211482	0.7347779274219938	0.9320953237087307	1.0195015965188339
9.047409473851685	0.73297645479823	0.9318684972159527	1.0195120917198617
9.069422635588552	0.7312860886571817	0.9316741666612579	1.0195128754885454
9.091435797325417	0.729705298841745	0.93151207417254	1.0195040415785088
9.113448959062282	0.7282326103510801	0.9313819565558147	1.0194856875246403
9.135462120799147	0.7268666017373421	0.931283545356038	1.019457914557694
9.157475282536012	0.7256059035322266	0.9312165669128479	1.0194208275174392
9.179488444272879	0.7244491967028961	0.9311807424115096	1.0193745347644334
9.201501606009744	0.7233952111366814	0.9311757879293291	1.0193191480905055
9.22351476774661	0.7224427241538771	0.9312014144777969	1.019254782628031
9.245527929483474	0.721590559047845	0.9312573280407331	1.0191815567580849
9.26754109122034	0.7208375836515483	0.9313432296086855	1.0190995920175572
9.289554252957206	0.7201827089295683	0.9314588152098443	1.0190090130053102
9.311567414694071	0.7196248875946003	0.931603775937732	1.018909947287468
9.333580576430936	0.7191631127473502	0.9317777979759181	1.018802525301918
9.355593738167801	0.7187964165387187	0.9319805626200149	1.0186868802621063
9.377606899904666	0.7185238688531113	0.9322117462972059	1.0185631480602169
9.399620061641533	0.7183445760116645	0.9324710205835521	1.0184314671698076
9.421633223378398	0.7182576794941694	0.9327580522193275	1.0182919785479918
9.443646385115263	0.7182623546784184	0.9330725031226268	1.0181448255372432
9.465659546852129	0.7183578095957044	0.9334140304014898	1.0179901537669045
9.487672708588994	0.7185432837011541	0.9337822863647851	1.017828111054478
9.50968587032586	0.7188180466575868	0.9341769185320916	1.0176588473067791
9.531699032062726	0.719181397131559	0.9345975696428157	1.017482514421025
9.55371219379959	0.7196326616002507	0.9350438776647929	1.017299266185934
9.575725355536456	0.7201711931678436	0.9355154758025789	1.0171092581829195
9.59773851727332	0.7207963703900288	0.9360119925057018	1.0169126476874364
9.619751679010186	0.7215075961052879	0.9365330514770792	1.016709593570559
9.641764840747053	0.7223042962715791	0.9370782716818424	1.0165002562008634
9.663778002483918	0.7231859188070696	0.937647267356788	1.0162847973466742
9.685791164220783	0.7241519324335541	0.9382396480206912	1.0160633800787486
9.707804325957648	0.7252018255212048	0.938855018485696	1.0158361686734598
9.729817487694513	0.7263351049332977	0.9394929788700106	1.0156033285165413
9.75183064943138	0.7275512948695871	0.9401531246121241	1.015365026007457
9.773843811168245	0.728849935706986	0.94083504648676	1.0151214284644519
9.79585697290511	0.730230582836234	0.9415383306227857	1.0148727040303447
9.817870134641975	0.7316928054932628	0.9422625585232857	1.0146190215791135
9.83988329637884	0.7332361855839477	0.9430073070880097	1.0143605506233329
9.861896458115707	0.734860316500999	0.9437721486384012	1.0140974612225075
9.883909619852572	0.7365648019317282	0.9445566509454095	1.0138299238923607
9.905922781589437	0.7383492546554693	0.9453603772602848	1.013558109515113
9.927935943326302	0.7402132953294595	0.9461828863485553	1.0132821892508086
9.949949105063167	0.7421565512620064	0.9470237325273688	1.0130023344497265
9.971962266800034	0.7441786551718028	0.9478824657064094	1.0127187165659137
9.9939754285369	0.7462792439322923	0.9487586314325441	1.01243150707189
10.015988590273764	0.7484579573000235	0.9496517709384029	1.0121408773745535
10.03800175201063	0.7507144366259697	0.9505614211950578	1.0118469987323244
10.060014913747494	0.7530483235488484	0.9514871149689711	1.0115500421735604
10.082028075484361	0.7554592586695178	0.9524283808833793	1.011250178416273
10.104041237221226	0.7579468802055939	0.953384743484274	1.0109475777891788
10.126054398958091	0.7605108226254814	0.954355723311129	1.0106424101541045
10.148067560694956	0.7631507152610894	0.9553408369725241	1.0103348448297795
10.170080722431821	0.7658661808985707	0.9563395972268071	1.010025050517034
10.192093884168688	0.7686568343465027	0.9573515130679251	1.009713195225424
10.214107045905553	0.7715222809810183	0.9583760898165543	1.0093994462013045
10.236120207642418	0.7744621152674788	0.9594128292166503	1.0090839698573704
10.258133369379284	0.7774759192583864	0.9604612295375237	1.0087669317036727
10.280146531116149	0.7805632610673408	0.9615207856815521	1.0084484962801352
10.302159692853014	0.7837236933189525	0.9625909892976195	1.0081288270905735
10.32417285458988	0.7869567515747616	0.9636713289003717	1.0078080865382348
10.346186016326746	0.7902619527353193	0.9647612899953595	1.0074864358628624
10.36819917806361	0.7936387934187589	0.96586035521015	1.0071640350792936
10.390212339800476	0.7970867483163029	0.9669680044314469	1.0068410429175985
10.41222550153734	0.8006052685253354	0.9680837149482828	1.006517616764759
10.434238663274208	0.8041937798608153	0.9692069616013101	1.006193912607898
10.456251825011073	0.8078516811460053	0.9703372169382241	1.0058700849790534
10.478264986747938	0.811578342483663	0.9714739513753294	1.005546286901498
10.500278148484803	0.8153731035090422	0.9726166333652564	1.0052226698376083
10.522291310221668	0.8192352716262691	0.9737647295708168	1.0048993836382736
10.544304471958535	0.8231641202298682	0.9749177050449833	1.0045765764938441
10.5663176336954	0.8271588869134373	0.9760750234169566	1.004254394886614
10.588330795432265	0.8312187716677284	0.9772361470842797	1.0039329835448305
10.61034395716913	0.8353429350706219	0.9784005374109387	1.003612485398222
10.632357118905995	0.8395304964717452	0.9795676549313852	1.0032930415350387
10.654370280642862	0.8437805321747653	0.9807369595603911	1.0029747911605948
10.676383442379727	0.8480920736206462	0.9819079108086463	1.0026578715573014
10.698396604116592	0.8524641055754668	0.9830799680039856	1.0023424180461777
10.720409765853457	0.8568955643266666	0.9842525905181224	1.0020285639498354
10.742422927590322	0.8613853358919109	0.985425237998758	1.0017164405569092
10.764436089327189	0.8659322542450564	0.9865973706069064	1.0014061770879379
10.786449251064054	0.8705350995640193	0.9877684492592821	1.001097900662665
10.80846241280092	0.8751925965056649	0.9889379358755691	1.0007917362687528
10.830475574537784	0.8799034125131479	0.9901052936303791	1.0004878067318952
10.85248873627465	0.884666156161466	0.9912699872096982	1.0001862326873057
10.874501898011516	0.8894793755472966	0.9924314830716036	0.9998871325525711
10.896515059748381	0.8943415567295085	0.9935892497110196	0.9995906225018515
10.918528221485246	0.8992511222270589	0.9947427579282716	0.9992968164414051
10.940541383222111	0.9042064295812758	0.9958914811011805	0.9990058259864265
10.962554544958977	0.909205769989844	0.997034895460428	0.9987177604391746
10.984567706695842	0.9142473670200787	0.9981724803679162	0.9984327267683742
11.006580868432708	0.9193293754093556	0.9993037185978257	0.9981508295898718
11.028594030169574	0.9244498799608136	1.0004280966200687	0.9978721711485254
11.050607191906439	0.9296068945426834	1.0015451048858248	0.9975968513013107
11.072620353643304	0.9347983611998006	1.0026542381148318	0.997324967501623
11.094633515380169	0.9400221493860532	1.0037549955840965	0.9970566147847552
11.116646677117036	0.945276055326661	1.0048468814176823	0.9967918857545326
11.1386598388539	0.9505578015193047	1.0059294048772165	0.9965308705710857
11.160673000590766	0.9558650363832129	1.007002080652759	0.9962736569397369
11.18268616232763	0.9611953340653423	1.0080644291536613	0.9960203301009882
11.204699324064496	0.9665461944127951	1.0091159767990352	0.9957709728215844
11.226712485801363	0.9719150431205666	1.0101562563074549	0.9955256653866336
11.248725647538228	0.9772992320635963	1.0111848069854978	0.9952844855927676
11.270738809275093	0.9826960398219632	1.0122011750147355	0.9950475087423186
11.292751971011958	0.9881026724078198	1.013204913736771	0.9948148076384989
11.314765132748823	0.9935162642023943	1.0141955839359291	0.9945864525815558
11.33677829448569	0.9989338791110489	1.0151727541191917	0.9943625113658916
11.358791456222555	1.0043525119439458	1.0161360007929756	0.9941430492781237
11.38080461795942	1.0097690900294158	1.0170849087363478	0.9939281290960692
11.402817779696285	1.015180475066544	1.0180190712702732	0.9937178110886333
11.42483094143315	1.0205834652228682	1.0189380905224914	0.9935121530165871
11.446844103170017	1.0259747974823699	1.019841577687623	0.9933112101342112
11.468857264906882	1.0313511502481676	1.0207291532821046	0.9931150351917944
11.490870426643747	1.0367091462034497	1.0216004473935607	0.9929236784389647
11.512883588380612	1.042045355433257	1.0224550999242266	0.9927371876288353
11.534896750117477	1.0473562988087155	1.0232927608280271	0.9925556080229575
11.556909911854344	1.0526384516342477	1.0241130903409539	0.99237898239705
11.57892307359121	1.0578882475571323	1.0249157592043563	0.9922073510475022
11.600936235328074	1.063102082737581	1.0257004488807961	0.9920407517986266
11.62294939706494	1.0682763202762198	1.026466851762112	0.9918792200106494
11.644962558801804	1.0734072948945488	1.0272146713693568	0.9917227885884227
11.66697572053867	1.0784913178625624	1.027943622544277	0.9915714879908442
11.688988882275536	1.0835246821663151	1.028653431632021	0.9914253462409693
11.711002044012401	1.0885036679067646	1.029343836654774	0.991284388936804
11.733015205749266	1.0934245479197489	1.0300145874760271	0.9911486392627603
11.755028367486132	1.0982835936054705	1.0306654459552114	0.9910181180017661
11.777041529222997	1.1030770809543873	1.0312961860924315	0.9908928435480144
11.799054690959863	1.1078012967549167	1.0319065941630645	0.9907728319203373
11.821067852696729	1.1124525449668938	1.0324964688419886	0.9906580967761971
11.843081014433594	1.11702715324333	1.0330656213172398	0.9905486494262778
11.865094176170459	1.1215214795815998	1.0336138753928932	0.9904444988496737
11.887107337907324	1.1259319190838775	1.0341410675810205	0.9903456517096467
11.90912049964419	1.1302549108054016	1.0346470471825375	0.9902521123699667
11.931133661381056	1.134486944667945	1.035131676356826	0.9901638829118026
11.95314682311792	1.1386245684148397	1.0355948301800113	0.990080963151164
11.975159984854786	1.142664394582902	1.0360363966917947	0.990003350656885
11.997173146591651	1.146603107465785	1.0364562769307666	0.9899310407691336
12.019186308328518	1.1504374700425768	1.0368543849581424	0.9898640266184455
12.041199470065383	1.1541643308448828	1.0372306478698894	0.9898022991452674
12.063212631802248	1.1577806307352376	1.0375850057972198	0.9897458471200054
12.085225793539113	1.1612834095694244	1.0379174118954644	0.9896946571635669
12.107238955275978	1.1646698127152115	1.0382278323213439	0.9896487137683911
12.129252117012845	1.1679370974001047	1.0385162461986854	0.9896079993199575
12.15126527874971	1.1710826388609672	1.0387826455726497	0.9895724941187676
12.173278440486575	1.1741039362688628	1.0390270353525488	0.9895421764027912
12.19529160222344	1.1769986184030403	1.0392494332433642	0.9895170223703693
12.217304763960305	1.1797644490488677	1.039449869666083	0.9894970062035691
12.239317925697172	1.1823993320954622	1.0396283876669958	0.9894821000919831
12.261331087434037	1.1849013163099753	1.039785042816117	0.9894722742569665
12.283344249170902	1.1872685997668049	1.0399199030949011	0.9894674969763052
12.305357410907767	1.1894995339115089	1.040033048773458	0.9894677346093114
12.327370572644632	1.191592627240861	1.0401245722774657	0.9894729516223383
12.349383734381497	1.193546548582241	1.0401945780450235	0.9894831106147087
12.371396896118364	1.195360129957504	1.0402431823736777	0.9894981723450532
12.39341005785523	1.1970323690184743	1.0402705132578822	0.9895180957580503
12.415423219592094	1.1985624310433156	1.040276710217165	0.9895428380115657
12.43743638132896	1.1999496504852611	1.0402619241152855	0.9895723545041827
12.459449543065825	1.2011935320674205	1.0402263169706825	0.9896065989031212
12.481462704802691	1.202293751419682	1.0401700617585194	0.9896455231725382
12.503475866539556	1.2032501552560642	1.0400933422046483	0.9896890776022053
12.525489028276422	1.2040627610931887	1.0399963525718254	0.9897372108365579
12.547502190013287	1.2047317565128879	1.0398792974385116	0.9897898699041123
12.569515351750152	1.2052574979741966	1.0397423914706139	0.9898470002472445
12.591528513487019	1.2056405091822673	1.0395858591865166	0.9899085457523242
12.613541675223884	1.2058814790238719	1.039409934715766	0.9899744487802026
12.635554836960749	1.205981259081247	1.0392148615517798	0.9900446501970454
12.657567998697614	1.205940860738022	1.0390008922989442	0.9901190894055082
12.679581160434479	1.2057614518928272	1.0387682884144858	0.9901977043762484
12.701594322171346	1.2054443532979195	1.0385173199454902	0.9902804316797659
12.72360748390821	1.204991034541746	1.03824826526145	0.990367206518572
12.745620645645076	1.204403109695845	1.037961410782725	0.990457962759677
12.76763380738194	1.2036823326477128	1.0376570507052976	0.9905526329673915
12.789646969118806	1.202830592142461	1.0373354867222049	0.9906511484364388
12.811660130855673	1.2018499065569865	1.0369970277420286	0.9907534392253673
12.833673292592538	1.2007424184311613	1.0366419896048242	0.990859434190261
12.855686454329403	1.1995103887812042	1.0362706947958573	0.9909690610187428
12.877699616066268	1.1981561912207623	1.0358834721575343	0.9910822462642568
12.899712777803133	1.1966823059155485	1.0354806565998806	0.9911989153806339
12.92172593954	1.1950913133974328	1.0350625888099378	0.9913189927569239
12.943739101276865	1.19338588826385	1.0346296149604355	0.9914424017524962
12.96575226301373	1.1915687927881322	1.0341820864180915	0.9915690647323919
12.987765424750595	1.1896428704660145	1.0337203594518798	0.9916989031029309
13.00977858648746	1.1876110395230541	1.0332447949416061	0.9918318373475578
13.031791748224325	1.1854762864070252	1.0327557580871243	0.9919677870629217
13.053804909961192	1.1832416592886297	1.032253618118507	0.9921066709951838
13.075818071698057	1.1809102615929485	1.0317387480074824	0.9922484070765424
13.097831233434922	1.1784852455831047	1.0312115241804525	0.9923929124619648
13.119844395171787	1.1759698060165442	1.0306723262333652	0.9925401035661217
13.141857556908652	1.1733671738932008	1.0301215366487388	0.9926898961005122
13.16387071864552	1.1706806103136211	1.029559540515104	0.9928422051107707
13.185883880382384	1.1679134004638758	1.0289867252491263	0.9929969450141445
13.20789704211925	1.1650688477427797	1.0284034803206623	0.9931540296371343
13.229910203856114	1.162150268045662	1.0278101969809823	0.9933133722532872
13.25192336559298	1.1591609842175636	1.0272072679943958	0.9934748856211297
13.273936527329846	1.1561043206874146	1.0265950873734908	0.9936384820222316
13.295949689066711	1.1529835982934198	1.0259740501181958	0.9938040732993884
13.317962850803577	1.1498021293085343	1.0253445519588547	0.9939715708949128
13.339976012540442	1.146563212673639	1.0247069891035017	0.9941408858890219
13.361989174277307	1.143270129444727	1.0240617579895006	0.9943119290383061
13.384002336014174	1.139926138459207	1.0234092550397116	0.9944846108142735
13.406015497751039	1.136534472225201	1.0227498764233312	0.9946588414419508
13.428028659487904	1.1330983330365971	1.0220840178215427	0.994834530938531
13.450041821224769	1.1296208893155113	1.0214120741980979	0.9950115891520537
13.472054982961634	1.1261052721827753	1.0207344395749465	0.9951899258001059
13.4940681446985	1.1225545722560946	1.0200515068130138	0.9953694505085281
13.516081306435366	1.118971836674592	1.0193636673982178	0.995550072850111
13.53809446817223	1.115360066347616	1.018671311232806	0.9957317023832712
13.560107629909096	1.1117222134248976	1.01797482643208	0.9959142486906897
13.582120791645961	1.1080611789844035	1.0172745991265704	0.9960976214178965
13.604133953382826	1.104379810933601	1.016571013269706	0.9962817303117918
13.626147115119693	1.1006809021192372	1.0158644504510261	0.9964664852590802
13.648160276856558	1.0969671886402093	1.015155289714955	0.9966517963246111
13.670173438593423	1.0932413483576435	1.0144439073851617	0.9968375737896041
13.692186600330288	1.0895059995958845	1.0137306768945256	0.9970237281897439
13.714199762067153	1.0857637000277551	1.0130159686206974	0.9972101703531315
13.73621292380402	1.0820169457371511	1.0123001497272626	0.9973968114380714
13.758226085540885	1.0782681704518007	1.0115835840104817	0.9975835629706812
13.78023924727775	1.0745197449388255	1.010866631751598	0.9977703368823065
13.802252409014615	1.0707739765556124	1.010149649574677	0.9979570455467217
13.82426557075148	1.0670331089483966	1.0094329903099422	0.9981436018171045
13.846278732488347	1.063299321890917	1.0087170028625687	0.9983299190627621
13.868291894225212	1.0595747312554875	1.0080020320868854	0.9985159112055944
13.890305055962077	1.055861389108846	1.0072884186659259	0.9987014927562776
13.912318217698942	1.0521612839252126	1.0065764989962764	0.9988865788501481
13.934331379435807	1.0484763409090592	1.0058666050781484	0.9990710852827718
13.956344541172674	1.0448084224202159	1.0051590644106083	0.9992549285451814
13.97835770290954	1.041159328494074	1.004454199891891	0.9994380258587598
14.000370864646404	1.0375307974498016	1.0037523297247097	0.9996202952097603
14.02238402638327	1.0339245065796674	1.0030537673264928	0.9998016553834357
14.044397188120135	1.0303420729127661	1.0023588212444448	0.99998202599777
14.066410349857001	1.026785054046633	1.0016677950753528	1.000161327536784
14.088423511593867	1.023254949040471	1.0009809873900395	1.000339481383407
14.110436673330732	1.0197531993639248	1.000298691662367	1.000516409851891
14.132449835067597	1.0162811898955864	0.9996211962026943	1.0006920362197531
14.154462996804462	1.0128402499656488	0.998948784095687	1.000866284759228
14.176476158541329	1.0094316544373694	0.9982817331423747	1.0010390807682132
14.198489320278194	1.0060566248222587	0.9976203158063561	1.0012103506006926
14.220502482015059	1.0027163304241462	0.9969647991640415	1.0013800216966167
14.242515643751924	0.9994118895075357	0.9963154448588287	1.0015480226112283
14.264528805488789	0.9961443704858967	0.9956725090591049	1.001714283043816
14.286541967225654	0.9929147931257882	0.9950362424199652	1.001878733865875
14.30855512896252	0.9897241297629462	0.9944068900485407	1.0020413071486673
14.330568290699386	0.9865733065267058	0.9937846914728257	1.0022019361901588
14.352581452436251	0.9834632045693477	0.9931698806138975	1.002360555541321
14.374594614173116	0.9803946612972018	0.9925626857614213	1.0025171010317842
14.396607775909981	0.9773684716005326	0.991963329552327	1.002671509794821
14.418620937646848	0.9743853890794645	0.9913720289525596	1.0028237202916563
14.440634099383713	0.9714461272633916	0.9907889952417891	1.0029736723350782
14.462647261120578	0.9685513608215239	0.9902144340009773	1.0031213071123457
14.484660422857443	0.9657017267624013	0.9896485451027013	1.0032665672073735
14.506673584594308	0.9628978256203933	0.9890915227041227	1.0034093966221866
14.528686746331175	0.9601402226273723	0.9885435552425089	1.003549740797627
14.55069990806804	0.957429448867911	0.9880048254332037	1.0036875466333042
14.572713069804905	0.9547660024165115	0.9874755102699452	1.0038227625067775
14.59472623154177	0.9521503494555289	0.9869557810274429	1.0039553382919593
14.616739393278635	0.949582925372582	0.9864458032661132	1.004085225376725
14.638752555015502	0.947064135836385	0.9859457368388806	1.0042123766797266
14.660765716752367	0.9445943578500556	0.9854557358999592	1.0043367466663962
14.682778878489232	0.9421739407810752	0.9849759489155222	1.0044582913641276
14.704792040226097	0.9398032073671868	0.9845065186761737	1.004576968376635
14.726805201962962	0.9374824546976214	0.9840475823111413	1.0046927368974754
14.74881836369983	0.935211955169137	0.9835992713041067	1.0048055577227284
14.770831525436694	0.9329919574164535	0.9831617115105945	1.0049153932628276
14.79284468717356	0.9308226872167354	0.9827350231768454	1.0050222075535375
14.814857848910425	0.9287043483678747	0.9823193209600977	1.0051259662660696
14.83687101064729	0.9266371235403779	0.9819147139502066	1.0052266367163325
14.858884172384156	0.9246211751027404	0.981521305692533	1.0053241878733126
14.880897334121022	0.9226566459202489	0.9811391942120344	1.0054185903665824
14.902910495857887	0.9207436601272079	0.9807684720384957	1.0055098164929293
14.924923657594752	0.9188823238726428	0.9804092262328354	1.0055978402221093
14.946936819331617	0.9170727260395776	0.9800615384144383	1.0056826372017142
14.968949981068482	0.9153149389380182	0.9797254847894459	1.0057641847611622
14.990963142805349	0.9136090189718334	0.9794011361799614	1.0058424619148014
15.012976304542214	0.9119550072797369	0.979088558054115	1.0059174493641334
15.034989466279079	0.9103529303506195	0.9787878105569442	1.0059891294991499
15.057002628015944	0.9088028006135077	0.9784989485420377	1.0060574863987963
15.079015789752809	0.9073046170024425	0.9782220216039097	1.0061225058305476
15.101028951489676	0.9058583654966	0.9779570741110575	1.006184175249114
15.123042113226541	0.9044640196360014	0.9777041452396685	1.0062424837942694
15.145055274963406	0.9031215410131568	0.9774632690079393	1.0062974222878134
15.167068436700271	0.9018308797410239	0.9772344743109772	1.0063489832296648
15.189081598437136	0.9005919748976645	0.9770177849562509	1.0063971607931
15.211094760174003	0.8994047549479879	0.9768132196995686	1.006441950819131
15.233107921910868	0.898269138142989	0.9766207922815506	1.0064833508100404
15.255121083647733	0.8971850328968888	0.9764405114645809	1.0065213599220735
15.277134245384598	0.8961523381425933	0.9762723810702125	1.0065559789572947
15.299147407121463	0.8951709436658889	0.9761164000170119	1.0065872103546223
15.32116056885833	0.8942407304187956	0.9759725623588246	1.006615058180042
15.343173730595195	0.8933615708125048	0.9758408573234476	1.006639528116016
15.36518689233206	0.8925333289903196	0.9757212693516997	1.0066606274500922
15.387200054068925	0.8917558610810308	0.975613778136879	1.0066783650627256
15.40921321580579	0.8910290154331408	0.9755183586645975	1.0066927514143234
15.431226377542657	0.8903526328303658	0.9754349812529928	1.0067037985315237
15.453239539279522	0.8897265466888298	0.9753636115933076	1.0067115199927221
15.475252701016387	0.8891505832363699	0.9753042107908407	1.0067159309128537
15.497265862753252	0.8886245616743669	0.9752567354062631	1.0067170479274496
15.519279024490118	0.8881482943225086	0.9752211374973082	1.0067148891759767
15.541292186226984	0.8877215867468928	0.9751973646608348	1.0067094742844747
15.56330534796385	0.8873442378718797	0.9751853600752685	1.006700824347508
15.585318509700715	0.8870160400760823	0.97518506254343	1.0066889619094421
15.60733167143758	0.8867367792728981	0.9751964065357579	1.0066739109450653
15.629344833174445	0.886506234975974	0.9752193222339338	1.0066556968395628
15.65135799491131	0.8863241803499874	0.9752537355749225	1.0066343463678693
15.673371156648177	0.8861903822471344	0.97529956829544	1.0066098876734075
15.695384318385042	0.8861046012297031	0.9753567379768595	1.0065823502462323
15.717397480121907	0.8860665915791112	0.9754251580905744	1.006551764900599
15.739410641858772	0.886076101291787	0.9755047380438306	1.0065181637519685
15.761423803595637	0.8861328720622638	0.9755953832260452	1.0064815801934708
15.783436965332504	0.8862366392538614	0.975696995055632	1.006442048871842
15.805450127069369	0.8863871318573249	0.9758094710273473	1.0063996056628528
15.827463288806234	0.8865840724377916	0.9759327047601803	1.0063542876462468
15.849476450543099	0.8868271770704499	0.9760665860458053	1.006306133080208
15.871489612279964	0.8871161552652669	0.976211000897617	1.0062551813753722
15.89350277401683	0.8874507098811443	0.9763658316003656	1.0062014730684075
15.915515935753696	0.8878305370298807	0.9765309567604276	1.0061450497951727
15.937529097490561	0.8882553259703071	0.9767062513567139	1.006085954263484
15.959542259227426	0.8887247589929713	0.9768915867922541	1.0060242302254978
15.981555420964291	0.8892385112957448	0.9770868309464721	1.005959922449739
16.003568582701156	0.8897962508507397	0.9772918482281766	1.005893076692784
16.02558174443802	0.8903976382629066	0.9775064996292926	1.0058237396706253
16.047594906174886	0.8910423266207147	0.9777306427793527	1.0057519590297324
16.069608067911755	0.8917299613393006	0.9779641320007739	1.0056777833178303
16.09162122964862	0.8924601799964853	0.9782068183649413	1.0056012619544141
16.113634391385485	0.8932326121620673	0.9784585497491234	1.0055224452010174
16.13564755312235	0.8940468792208066	0.978719170894238	1.0054413841312575
16.157660714859215	0.8949025941895152	0.9789885234634946	1.0053581306006714
16.17967387659608	0.8957993615286886	0.9792664461019317	1.0052727372163666
16.201687038332945	0.8967367769491116	0.97955277449687	1.005185257306502
16.22370020006981	0.8977144272138964	0.9798473414393088	1.0050957448896178
16.245713361806676	0.8987318899363945	0.9801499768862704	1.0050042546438374
16.26772652354354	0.8997887333744692	0.9804605080241293	1.0049108418759531
16.28973968528041	0.9008845162215974	0.9807787593329323	1.0048155624904214
16.311752847017274	0.902018787395297	0.9811045526517311	1.004718472958279
16.33376600875414	0.9031910858233859	0.9814377072449437	1.0046196302860022
16.355779170491004	0.9044009402285866	0.9817780398697588	1.0045190919843283
16.37779233222787	0.9056478689120108	0.9821253648445977	1.0044169160370524
16.399805493964735	0.906931379536066	0.9824794941186497	1.0043131608698195
16.4218186557016	0.9082509689073452	0.9828402373424856	1.0042078853189322
16.443831817438465	0.9096061227600681	0.9832074019397695	1.0041011486001845
16.46584497917533	0.910996315540667	0.9835807931800675	1.003993010277744
16.487858140912195	0.9124210101941174	0.9839602142527708	1.003883530233097
16.509871302649064	0.913879657952627	0.9843454663421304	1.003772768634073
16.53188446438593	0.9153716981273203	0.9847363487034145	1.0036607859039635
16.553897626122794	0.9168965579035664	0.9851326587401892	1.0035476426907535
16.57591078785966	0.9184536521406057	0.9855341920827203	1.0034333998364786
16.597923949596524	0.9200423831761619	0.9859407426675012	1.0033181183467235
16.61993711133339	0.9216621406367231	0.9863521028179003	1.0032018593602778
16.641950273070254	0.9233123012542014	0.9867680633259257	1.0030846841189631
16.66396343480712	0.9249922286896939	0.987188413535099	1.0029666539376438
16.685976596543984	0.926701273365072	0.9876129414244313	1.0028478301744392
16.70798975828085	0.9284387723031529	0.9880414336934912	1.002728274201147
16.730002920017714	0.9302040489772041	0.9884736758485506	1.0026080473738932
16.752016081754583	0.9319964131705598	0.9889094522897971	1.0024872110040215
16.774029243491448	0.9338151608471214	0.9893485463995928	1.0023658263292332
16.796042405228313	0.9356595740335384	0.9897907406317632	1.0022439544849913
16.818055566965178	0.9375289207138664	0.9902358166018933	1.0021216564762014
16.840068728702043	0.9394224547375052	0.9906835551786116	1.001998993149178
16.86208189043891	0.9413394157412356	0.9911337365758305	1.0018760251639092
16.884095052175773	0.9432790290861635	0.9915861404459204	1.001752812966633
16.90610821391264	0.9452405058103948	0.9920405459737863	1.001629416762731
16.928121375649503	0.9472230425982608	0.992496731971813	1.0015058964899526
16.95013453738637	0.949225821766911	0.9929544769756471	1.0013823117919787
16.972147699123237	0.9512480112710918	0.9934135593407769	1.0012587219923357
16.994160860860102	0.9532887647269215	0.9938737573398709	1.001135186068667
17.016174022596967	0.9553472214554675	0.9943348492608366	1.0010117626273705
17.038187184333832	0.9574225065469184	0.994796613505552	1.0008885098786133
17.060200346070697	0.9595137309461343	0.9952588286892274	1.0007654856117285
17.082213507807563	0.9616199915603478	0.9957212737403461	1.0006427471710044
17.104226669544428	0.9637403713897589	0.9961837280011384	1.0005203514318712
17.126239831281293	0.9658739396817633	0.9966459713285304	1.0003983547774944
17.148252993018158	0.968019752109517	0.997107784195519	1.0002768130757798
17.170266154755023	0.970176850975519	0.9975689477929133	1.0001557816567974
17.19227931649189	0.9723442654408699	0.9980292441313836	1.0000353152906314
17.214292478228757	0.9745210117808191	0.9984884561437596	0.9999154681656587
17.23630563996562	0.976706093667195	0.998946367787513	0.9997962938672653
17.258318801702487	0.9788985024782552	0.9994027641473615	0.9996778453570032
17.28033196343935	0.9810972176364658	0.9998574315379282	0.9995601749521933
17.302345125176217	0.9833012069746684	1.0003101576063858	0.999443334305979
17.324358286913082	0.9855094271310377	1.0007607314350229	0.9993273743878344
17.346371448649947	0.9877208239731956	1.0012089436436509	0.999212345464532
17.368384610386812	0.9899343330517729	1.0016545864917892	0.9990982970815707
17.390397772123677	0.9921488800836656	1.0020974539805487	0.998985278045073
17.412410933860542	0.9943633814651633	1.0025373419541401	0.9988733364041466
17.43442409559741	0.9965767448150604	1.0029740482009304	0.9987625194337222
17.456437257334276	0.9987878695477928	1.0034073725539694	0.9986528736178618
17.47845041907114	1.0009956474765773	1.0038371169909115	0.9985444446335459
17.500463580808006	1.0031989634464402	1.0042630857332457	0.9984372773349381
17.52247674254487	1.0053966959969602	1.0046850853447622	0.9983314157381307
17.544489904281736	1.007587718054458	1.0051029248291687	0.9982269030063707
17.5665030660186	1.0097708976532882	1.0055164157267784	0.9981237814357724
17.588516227755466	1.0119450986858032	1.005925372210186	0.9980220924415103
17.61052938949233	1.014109181680465	1.0063296111788507	0.9979218765445009
17.632542551229196	1.0162620046075004	1.0067289523525043	0.9978231733585675
17.654555712966065	1.0184024237113996	1.0071232183633008	0.9977260215780936
17.67656887470293	1.0205292943694608	1.0075122348466274	0.9976304589661621
17.698582036439795	1.0226414719755086	1.007895830530493	0.9975365223431807
17.72059519817666	1.0247378128477935	1.0082738373234144	0.9974442475759951
17.742608359913525	1.026817175160009	1.008646090400717	0.9973536695674886
17.76462152165039	1.0288784198942622	1.0090124282891744	0.9972648222466649
17.786634683387256	1.0309204118147326	1.0093726929499003	0.99717773855922
17.80864784512412	1.0329420204606745	1.009726729859421	0.9970924504585961
17.830661006860986	1.0349421211573213	1.0100743880888452	0.9970089888975184
17.85267416859785	1.0369195960431556	1.010415520381061	0.9969273838200162
17.87468733033472	1.0388733351119386	1.010749983225877	0.9968476641539235
17.896700492071584	1.040802237267786	1.011077636933042	0.9967698578038586
17.91871365380845	1.0427052113915227	1.0113983457030666	0.9966939916446834
17.940726815545315	1.0445811774164413	1.011711977695776	0.9966200915154375
17.96273997728218	1.046429067411547	1.0120184050965293	0.9965481822137471
17.984753139019045	1.0482478266702784	1.012317504180036	0.9964782874907055
18.00676630075591	1.05003641480264	1.0126091553717047	0.9964104300462264
18.028779462492775	1.0517938068286288	1.0128932433064652	0.9963446315248621
18.05079262422964	1.0535189942707663	1.013169656885	0.9962809125120894
18.072805785966505	1.0552109862435257	1.0134382893273326	0.9962192925310578
18.09481894770337	1.0568688105373767	1.0136990382237128	0.9961597900398006
18.11683210944024	1.0584915146951608	1.0139518055827508	0.9961024224289009
18.138845271177104	1.0600781670784616	1.0141964978767481	0.996047206019616
18.16085843291397	1.061627857921636	1.0144330260841818	0.9959941560624533
18.182871594650834	1.0631397003711467	1.014661305729294	0.9959432867361954
18.2048847563877	1.064612831507832	1.0148812569187504	0.9958946111473719
18.226897918124564	1.06604641334977	1.0150928043753282	0.995848141330177
18.24891107986143	1.0674396338333838	1.0152958774685998	0.9958038882468251
18.270924241598294	1.068791707770479	1.0154904102425792	0.9957618617883444
18.29293740333516	1.0701018777789124	1.0156763414403083	0.9957220707758049
18.314950565072024	1.0713694151846473	1.0158536145253534	0.9956845229619767
18.336963726808893	1.0725936208929885	1.0160221777001923	0.9956492250334158
18.358976888545758	1.073773826226844	1.0161819839214787	0.9956161826129714
18.380990050282623	1.0749093937299328	1.0163329909121626	0.9955854002627174
18.403003212019488	1.0759997179329168	1.0164751611704625	0.9955568814872956
18.425016373756353	1.0770442260805295	1.0166084619756792	0.9955306287376748
18.44702953549322	1.0780423788178446	1.0167328653908476	0.9955066434153166
18.469042697230083	1.078993670833943	1.0168483482622297	0.9954849258767479
18.49105585896695	1.0798976314613173	1.016954892215647	0.9954654754385338
18.513069020703814	1.0807538252294782	1.017052483649666	0.9954482903826464
18.53508218244068	1.0815618523713335	1.0171411137256412	0.9954333679622296
18.557095344177547	1.0823213492810335	1.0172207783546354	0.9954207044077491
18.579108505914412	1.0830319889221052	1.0172914781812303	0.9954102949335313
18.601121667651277	1.0836934811848251	1.0173532185642524	0.9954021337446798
18.623134829388142	1.084305573191918	1.0174060095544353	0.9953962140443703
18.645147991125008	1.0848680495518104	1.0174498658690505	0.9953925280415155
18.667161152861873	1.0853807325588005	1.0174848068635332	0.9953910669588009
18.689174314598738	1.085843482339671	1.01751085650014	0.9953918210410809
18.711187476335603	1.0862561969463909	1.0175280433136784	0.995394779564137
18.733200638072468	1.0866188123947254	1.0175364003743448	0.9953999308437861
18.755213799809333	1.0869313026487062	1.0175359652477154	0.9954072622453428
18.777226961546198	1.0871936795510655	1.0175267799519414	0.9954167601934248
18.799240123283067	1.0874059926998945	1.0175088909121908	0.9954284101820993
18.82125328501993	1.0875683292719192	1.017482348912397	0.9954421967853642
18.843266446756797	1.0876808137929392	1.0174472090443611	0.9954581036679617
18.865279608493662	1.0877436078561171	1.0174035306542744	0.9954761135965169
18.887292770230527	1.0877569097889404	1.0173513772867122	0.995496208450998
18.909305931967392	1.0877209542698179	1.0172908166261707	0.9955183692364916
18.931319093704257	1.0876360118953925	1.0172219204362019	0.995542576095291
18.953332255441122	1.0875023886997977	1.017144764496223	0.9955688083192878
18.975345417177987	1.087320425627176	1.017059428536062	0.9955970443626668
18.997358578914852	1.0870904979589215	1.0169659961683124	0.9956272618548948
19.01937174065172	1.0868130146971924	1.016864554818574	0.9956594376139998
19.041384902388586	1.0864884179063594	1.0167551956536454	0.9956935476601347
19.06339806412545	1.0861171820141302	1.0166380135077508	0.9957295672294222
19.085411225862316	1.085699813074201	1.0165131068068785	0.9957674707880705
19.10742438759918	1.0852368479923356	1.0163805774913015	0.9958072320467594
19.129437549336046	1.0847288537178743	1.0162405309363711	0.9958488239752881
19.15145071107291	1.0841764264027138	1.0160930758716553	0.99589221881748
19.173463872809776	1.0835801905298679	1.0159383242985067	0.9959373881063392
19.19547703454664	1.0829407980137589	1.0157763914061413	0.9959843026794494
19.217490196283507	1.0822589272744345	1.0156073954863136	0.996032932694616
19.23950335802037	1.0815352822879267	1.0154314578466663	0.9960832476457377
19.26151651975724	1.080770591615001	1.0152487027228432	0.9961352163789077
19.283529681494105	1.079965607410549	1.0150592571894446	0.9961888071087336
19.30554284323097	1.0791211044158922	1.0148632510699134	0.996243987434873
19.327556004967835	1.0782378789362541	1.014660816845433	0.9963007243587776
19.3495691667047	1.0773167478056582	1.0144520895629219	0.9963589843006377
19.371582328441566	1.0763585473414847	1.0142372067422072	0.9964187331165234
19.39359549017843	1.0753641322908987	1.0140163082824625	0.9964799361157136
19.415608651915296	1.0743343747713325	1.0137895363679905	0.9965425580782069
19.43762181365216	1.073270163207166	1.013557035373435	0.996606563272408
19.459634975389026	1.072172401264705	1.0133189517684986	0.996671915472983
19.481648137125894	1.071042006787515	1.0130754340222559	0.9967385779788749
19.50366129886276	1.0698799107341053	1.012826632507129	0.9968065136314751
19.525674460599625	1.0686870561199022	1.0125726994026176	0.9968756848329409
19.54768762233649	1.067464396965389	1.01231378859885	0.9969460535646546
19.569700784073355	1.066212897252219	1.0120500556000394	0.9970175814058149
19.59171394581022	1.064933529889038	1.0117816574279148	0.9970902295521528
19.613727107547085	1.0636272756886775	1.011508752525205	0.9971639588347693
19.63574026928395	1.062295122358297	1.0112315006592436	0.9972387297390799
19.657753431020815	1.060938063503986	1.0109500628257715	0.9973145024238657
19.67976659275768	1.0595570976512336	1.010664601152999	0.9973912367404175
19.70177975449455	1.0581532272826157	1.0103752788060016	0.9974688922517707
19.723792916231414	1.0567274578939345	1.0100822598915125	0.9975474282520179
19.74580607796828	1.0552807970699838	1.009785709363177	0.9976268037856955
19.767819239705144	1.053814253581015	1.009485792927329	0.9977069776672337
19.78983240144201	1.05232883650089	1.0091826769493555	0.9977879085004653
19.811845563178874	1.0508255543478242	1.0088765283607004	0.9978695546981794
19.83385872491574	1.049305414248538	1.008567514566573	0.9979518745017191
19.855871886652604	1.0477694211265478	1.0082558033544082	0.9980348260006092
19.87788504838947	1.0462185769152348	1.0079415628031385	0.9981183671522089
19.899898210126334	1.0446538797962646	1.0076249611933221	0.9982024558013803
19.9219113718632	1.043076323463833	1.0073061669181815	0.9982870497001639
19.943924533600068	1.04148689641514	1.0069853483955977	0.9983721065274537
19.965937695336933	1.039886581267419	1.0066626739811033	0.9984575839086629
19.9879508570738	1.038276354101763	1.0063383118819207	0.9985434394353719
20.009964018810663	1.0366571838339367	1.0060124300720836	0.9986296306849496
20.03197718054753	1.0350300316122654	1.0056851962086824	0.9987161152401407
20.053990342284393	1.03339585024265	1.005356777549268	0.9988028507086096
20.07600350402126	1.0317555836406767	1.0050273408704538	0.9988897947424321
20.098016665758124	1.0301101663107346	1.0046970523877417	0.998976905057526
20.12002982749499	1.028460522851993	1.0043660776766086	0.9990641394530148
20.142042989231854	1.0268075674910389	1.004034581594881	0.9991514558305106
20.164056150968722	1.0251522036409162	1.0037027282064213	0.9992388122133132
20.186069312705587	1.023495323486266	1.0033706807061558	0.9993261667655136
20.208082474442453	1.0218378075942105	1.0030386013464638	0.9994134778109921
20.230095636179318	1.020180524550597	1.0027066513649507	0.9995007038523069
20.252108797916183	1.0185243306211578	1.0023749909136228	0.9995878035894595
20.274121959653048	1.0168700694371215	1.0020437789894832	0.9996747359385312
20.296135121389913	1.0152185717047717	1.0017131733665643	0.9997614600501827
20.318148283126778	1.0135706549384114	1.001383330529409	0.9998479353280043
20.340161444863643	1.011927123216177	1.001054405608016	0.9999341214467139
20.362174606600508	1.0102887669581126	1.0007265523142543	1.000019978370189
20.384187768337377	1.0086563627258873	1.0003999228797662	1.0001054663693272
20.40620093007424	1.0070306730435377	1.0000746679953536	1.0001905460397262
20.428214091811107	1.0054124462385778	0.9997509367518627	1.0002751783191752
20.450227253547972	1.0038024163028223	0.9994288765825687	1.0003593245049478
20.472240415284837	1.0022013027722496	0.9991086332070632	1.0004429462708904
20.494253577021702	1.0006098106252197	0.9987903505766461	1.0005260056842968
20.516266738758567	0.9990286301983617	0.9984741708212228	1.0006084652225602
20.538279900495432	0.997458437119434	0.9981602341977056	1.0006902877895971
20.560293062232297	0.99589989225646	0.9978486790399177	1.0007714367320315
20.582306223969162	0.994353641682443	0.9975396417099943	1.0008518758551346
20.604319385706027	0.9928203166549586	0.9972332565512816	1.0009315694385124
20.626332547442896	0.9913005336099345	0.9969296558427198	1.00101048225153
20.64834570917976	0.9897948941689203	0.9966289697547134	1.0010885795684696
20.670358870916626	0.9883039851591656	0.9963313263064726	1.0011658271834118
20.69237203265349	0.9868283786458261	0.9960368513248241	1.0012421914248346
20.714385194390356	0.985368631975625	0.9957456684044776	1.001317639169922
20.73639835612722	0.983925287831311	0.9954578988697402	1.0013921378585746
20.758411517864086	0.9824988742962582	0.9951736617376676	1.0014656555071189
20.78042467960095	0.9810899049285703	0.9948930736826408	1.0015381607217033
20.802437841337817	0.9796988788440599	0.9946162490023537	1.0016096227113778
20.82445100307468	0.9783262808074877	0.9943432995852043	1.001680011300851
20.84646416481155	0.976972581331463	0.9940743348790699	1.001749296942917
20.868477326548415	0.9756382367824166	0.9938094618614571	1.0018174507305455
20.89049048828528	0.9743236894930731	0.99354878501101	1.001884444408632
20.912503650022146	0.9730293678808712	0.9932924062803629	1.0019502503853992
20.93451681175901	0.9717556865717859	0.9930404250703222	1.0020148417434465
20.956529973495876	0.9705030465290327	0.9927929382053621	1.0020781922504407
20.97854313523274	0.969271835186142	0.9925500399104181	1.0021402763694442
21.000556296969606	0.9680624265839181	0.9923118217889636	1.0022010692688743
21.02256945870647	0.9668751815107995	0.9920783728023514	1.00226054683209
21.044582620443336	0.9657104476461752	0.9918497792504068	1.0023186856666013
21.066595782180205	0.9645685597062041	0.9916261247532522	1.0023754631128974
21.08860894391707	0.9634498395917236	0.9914074902343513	1.0024308572528875
21.110622105653935	0.9623545965378347	0.9911939539047503	1.0024848469179541
21.1326352673908	0.9612831272647784	0.990985591248508	1.0025374116966121
21.154648429127665	0.9602357161297279	0.9907824750092884	1.0025885319417709
21.17666159086453	0.9592126352791427	0.9905846751781079	1.002638188777597
21.198674752601395	0.9582141448013418	0.9903922589822151	1.0026863641059742
21.22068791433826	0.9572404928789772	0.9902052908750908	1.0027330406125585
21.242701076075125	0.956291915941097	0.9900238325275481	1.002778201772424
21.26471423781199	0.955368638814508	0.989847942819921	1.0028218318553
21.286727399548855	0.9544708748741643	0.9896776778353216	1.0028639159303947
21.308740561285724	0.9535988261923178	0.9895130908539532	1.002904439870808
21.33075372302259	0.9527526836861883	0.9893542323484623	1.0029433903575236
21.352766884759454	0.9519326272639212	0.989201149980316	1.0029807548829905
21.37478004649632	0.9511388259686209	0.9890538885971876	1.003016521754284
21.396793208233184	0.9503714381202494	0.9889124902313378	1.003050680095847
21.41880636997005	0.9496306114552135	0.9887769940989765	1.0030832198518174
21.440819531706914	0.9489164832634581	0.9886474366005925	1.0031141317879304
21.46283269344378	0.9482291805229062	0.988523851322234	1.0031434074930083
21.484845855180644	0.9475688200310998	0.988406269037731	1.003171039380026
21.50685901691751	0.9469355085339037	0.9882947177118434	1.0031970206867618
21.528872178654378	0.9463293428511508	0.9881892225043252	1.0032213454760306
21.550885340391243	0.9457504099991138	0.9880898057748884	1.0032440086354995
21.57289850212811	0.9451987873097074	0.9879964870890595	1.0032650058770893
21.594911663864973	0.9446745425463314	0.9879092832249131	1.0032843337359623
21.61692482560184	0.9441777340162755	0.9878282081806756	1.0033019895690987
21.638937987338704	0.9437084106796185	0.9877532731831841	1.0033179715534635
21.66095114907557	0.9432666122545709	0.9876844866971929	1.0033322786837655
21.682964310812434	0.9428523693192065	0.9876218544355169	1.0033449107698107
21.7049774725493	0.9424657034095515	0.9875653793700037	1.003355868433457
21.726990634286164	0.9421066271140051	0.9875150617433218	1.0033651531051646
21.749003796023032	0.9417751441640685	0.9874708990815613	1.0033727670201558
21.771016957759898	0.9414712495213795	0.9874328862076323	1.003378713214178
21.793030119496763	0.9411949294610495	0.9874010152554605	1.003382995518881
21.815043281233628	0.9409461616513113	0.987375275684966	1.003385618556809
21.837056442970493	0.9407249152294981	0.987355654297821	1.0033865877360093
21.859069604707358	0.9405311508743764	0.9873421352539792	1.0033859092442683
21.881082766444223	0.9403648208748641	0.9873347000889693	1.0033835900429742
21.903095928181088	0.9402258691951794	0.9873333277319496	1.0033796378606117
21.925109089917953	0.9401142315364642	0.9873379945245113	1.0033740611858961
21.947122251654818	0.9400298353949412	0.9873486742402329	1.0033668692605504
21.969135413391683	0.9399726001166652	0.987365338104973	1.0033580720717303
21.991148575128552	0.9399424369489391	0.9873879548179028	1.0033476803441037
